"Longitude (x)","Latitude (y)","Station Name","Climate ID","Date/Time (LST)","Year","Month","Day","Time (LST)","Temp (°C)","Temp Flag","Dew Point Temp (°C)","Dew Point Temp Flag","Rel Hum (%)","Rel Hum Flag","Precip. Amount (mm)","Precip. Amount Flag","Wind Dir (10s deg)","Wind Dir Flag","Wind Spd (km/h)","Wind Spd Flag","Visibility (km)","Visibility Flag","Stn Press (kPa)","Stn Press Flag","Hmdx","Hmdx Flag","Wind Chill","Wind Chill Flag","Weather"
"-75.67","62.18","SALLUIT","7117800","2020-11-01 00:00","2020","11","01","00:00"
"-75.67","62.18","SALLUIT","7117800","2020-11-01 01:00","2020","11","01","01:00"
"-75.67","62.18","SALLUIT","7117800","2020-11-01 02:00","2020","11","01","02:00","-11.5","","-13.6","","84","","","M","21","","41","","","","97.39","","","","-23","","NA"
"-75.67","62.18","SALLUIT","7117800","2020-11-01 03:00","2020","11","01","03:00","-11.7","","-13.8","","85","","","M","22","","30","","","","97.41","","","","-22","","NA"
"-75.67","62.18","SALLUIT","7117800","2020-11-01 04:00","2020","11","01","04:00","-11.4","","-13.6","","83","","","M","24","","21","","","","97.41","","","","-20","","NA"
"-75.67","62.18","SALLUIT","7117800","2020-11-01 05:00","2020","11","01","05:00","-11.4","","-14.3","","79","","","M","23","","28","","","","97.39","","","","-21","","NA"
"-75.67","62.18","SALLUIT","7117800","2020-11-01 06:00","2020","11","01","06:00","-12.2","","-14.2","","85","","","M","21","","27","","","","97.37","","","","-22","","NA"
"-75.67","62.18","SALLUIT","7117800","2020-11-01 07:00","2020","11","01","07:00","-12.2","","-14.5","","83","","","M","20","","29","","","","97.37","","","","-22","","NA"
"-75.67","62.18","SALLUIT","7117800","2020-11-01 08:00","2020","11","01","08:00","-12.8","","-14.9","","85","","","M","21","","30","","","","97.36","","","","-23","","NA"
"-75.67","62.18","SALLUIT","7117800","2020-11-01 09:00","2020","11","01","09:00","-12.0","","-14.9","","79","","","M","20","","33","","","","97.33","","","","-23","","NA"
"-75.67","62.18","SALLUIT","7117800","2020-11-01 10:00","2020","11","01","10:00"
"-75.67","62.18","SALLUIT","7117800","2020-11-01 11:00","2020","11","01","11:00","-12.0","","-15.1","","78","","","M","19","","30","","","","97.30","","","","-22","","NA"
"-75.67","62.18","SALLUIT","7117800","2020-11-01 12:00","2020","11","01","12:00","-12.1","","-14.9","","79","","","M","20","","31","","","","97.28","","","","-22","","NA"
"-75.67","62.18","SALLUIT","7117800","2020-11-01 13:00","2020","11","01","13:00","-12.1","","-14.8","","80","","","M","18","","23","","","","97.29","","","","-21","","NA"
"-75.67","62.18","SALLUIT","7117800","2020-11-01 14:00","2020","11","01","14:00","-12.7","","-15.3","","80","","","M","21","","26","","","","97.25","","","","-22","","NA"
"-75.67","62.18","SALLUIT","7117800","2020-11-01 15:00","2020","11","01","15:00","-11.4","","-15.0","","75","","0.0","","19","","25","","","","97.26","","","","-21","","NA"
"-75.67","62.18","SALLUIT","7117800","2020-11-01 16:00","2020","11","01","16:00","-12.8","","-15.8","","78","","0.0","","24","","9","","","","97.28","","","","-18","","NA"
"-75.67","62.18","SALLUIT","7117800","2020-11-01 17:00","2020","11","01","17:00","-12.4","","-16.0","","75","","0.0","","23","","14","","","","97.28","","","","-19","","NA"
"-75.67","62.18","SALLUIT","7117800","2020-11-01 18:00","2020","11","01","18:00","-12.1","","-15.7","","74","","0.0","","20","","28","","","","97.25","","","","-22","","NA"
"-75.67","62.18","SALLUIT","7117800","2020-11-01 19:00","2020","11","01","19:00","-12.2","","-16.3","","72","","0.0","","27","","8","","","","97.28","","","","-17","","NA"
"-75.67","62.18","SALLUIT","7117800","2020-11-01 20:00","2020","11","01","20:00","-13.1","","-16.9","","73","","0.0","","21","","21","","","","97.24","","","","-22","","NA"
"-75.67","62.18","SALLUIT","7117800","2020-11-01 21:00","2020","11","01","21:00","-11.5","","-16.0","","69","","0.0","","24","","8","","","","97.24","","","","-16","","NA"
"-75.67","62.18","SALLUIT","7117800","2020-11-01 22:00","2020","11","01","22:00","-11.8","","-16.2","","70","","0.0","","25","","6","","","","97.22","","","","-16","","NA"
"-75.67","62.18","SALLUIT","7117800","2020-11-01 23:00","2020","11","01","23:00","-12.4","","-16.8","","70","","0.0","","22","","10","","","","97.19","","","","-18","","NA"
"-75.67","62.18","SALLUIT","7117800","2020-11-02 00:00","2020","11","02","00:00","-11.8","","-16.0","","71","","0.0","","21","","13","","","","97.13","","","","-18","","NA"
"-75.67","62.18","SALLUIT","7117800","2020-11-02 01:00","2020","11","02","01:00"
"-75.67","62.18","SALLUIT","7117800","2020-11-02 02:00","2020","11","02","02:00"
"-75.67","62.18","SALLUIT","7117800","2020-11-02 03:00","2020","11","02","03:00","-14.1","","-16.8","","80","","0.0","","21","","9","","","","97.06","","","","-20","","NA"
"-75.67","62.18","SALLUIT","7117800","2020-11-02 04:00","2020","11","02","04:00","-13.5","","-16.3","","80","","0.0","","22","","15","","","","97.02","","","","-21","","NA"
"-75.67","62.18","SALLUIT","7117800","2020-11-02 05:00","2020","11","02","05:00","-12.4","","-15.3","","79","","0.0","","20","","5","","","","97.00","","","","-16","","NA"
"-75.67","62.18","SALLUIT","7117800","2020-11-02 06:00","2020","11","02","06:00"
"-75.67","62.18","SALLUIT","7117800","2020-11-02 07:00","2020","11","02","07:00","-13.7","","-15.7","","85","","0.3","","24","","12","","","","96.98","","","","-20","","NA"
"-75.67","62.18","SALLUIT","7117800","2020-11-02 08:00","2020","11","02","08:00","-12.9","","-14.8","","86","","0.3","","25","","13","","","","97.00","","","","-20","","NA"
"-75.67","62.18","SALLUIT","7117800","2020-11-02 09:00","2020","11","02","09:00","-11.8","","-13.6","","87","","0.8","","23","","10","","","","96.96","","","","-17","","NA"
"-75.67","62.18","SALLUIT","7117800","2020-11-02 10:00","2020","11","02","10:00","-10.8","","-12.1","","90","","0.3","","23","","9","","","","96.95","","","","-16","","NA"
"-75.67","62.18","SALLUIT","7117800","2020-11-02 11:00","2020","11","02","11:00","-10.8","","-12.3","","89","","0.5","","23","","9","","","","96.93","","","","-16","","NA"
"-75.67","62.18","SALLUIT","7117800","2020-11-02 12:00","2020","11","02","12:00","-9.8","","-12.0","","84","","0.0","","25","","6","","","","96.93","","","","-13","","NA"
"-75.67","62.18","SALLUIT","7117800","2020-11-02 13:00","2020","11","02","13:00","-8.1","","-9.4","","90","","0.0","","2","","31","","","","96.90","","","","-17","","NA"
"-75.67","62.18","SALLUIT","7117800","2020-11-02 14:00","2020","11","02","14:00","-8.0","","-10.0","","86","","0.0","","34","","23","","","","96.92","","","","-16","","NA"
"-75.67","62.18","SALLUIT","7117800","2020-11-02 15:00","2020","11","02","15:00","-7.4","","-11.6","","72","","0.2","","35","","23","","","","96.92","","","","-15","","NA"
"-75.67","62.18","SALLUIT","7117800","2020-11-02 16:00","2020","11","02","16:00","-7.6","","-11.4","","74","","0.0","","36","","35","","","","96.96","","","","-17","","NA"
"-75.67","62.18","SALLUIT","7117800","2020-11-02 17:00","2020","11","02","17:00","-7.9","","-12.2","","71","","0.0","","34","","32","","","","96.99","","","","-17","","NA"
"-75.67","62.18","SALLUIT","7117800","2020-11-02 18:00","2020","11","02","18:00","-8.2","","-10.9","","81","","0.0","","34","","30","","","","97.01","","","","-17","","NA"
"-75.67","62.18","SALLUIT","7117800","2020-11-02 19:00","2020","11","02","19:00","-8.2","","-10.1","","87","","0.2","","34","","35","","","","97.01","","","","-18","","NA"
"-75.67","62.18","SALLUIT","7117800","2020-11-02 20:00","2020","11","02","20:00","-8.4","","-12.2","","74","","0.3","","34","","37","","","","96.99","","","","-18","","NA"
"-75.67","62.18","SALLUIT","7117800","2020-11-02 21:00","2020","11","02","21:00"
"-75.67","62.18","SALLUIT","7117800","2020-11-02 22:00","2020","11","02","22:00"
"-75.67","62.18","SALLUIT","7117800","2020-11-02 23:00","2020","11","02","23:00","-8.7","","-10.5","","87","","0.3","","36","","35","","","","96.81","","","","-18","","NA"
"-75.67","62.18","SALLUIT","7117800","2020-11-03 00:00","2020","11","03","00:00","-8.8","","-9.8","","92","","0.0","","1","","39","","","","96.70","","","","-19","","NA"
"-75.67","62.18","SALLUIT","7117800","2020-11-03 01:00","2020","11","03","01:00","-8.4","","-11.3","","80","","0.2","","36","","42","","","","96.65","","","","-19","","NA"
"-75.67","62.18","SALLUIT","7117800","2020-11-03 02:00","2020","11","03","02:00","-8.6","","-12.9","","71","","0.0","","35","","36","","","","96.60","","","","-18","","NA"
"-75.67","62.18","SALLUIT","7117800","2020-11-03 03:00","2020","11","03","03:00","-9.0","","-10.1","","92","","0.0","","35","","40","","","","96.56","","","","-19","","NA"
"-75.67","62.18","SALLUIT","7117800","2020-11-03 04:00","2020","11","03","04:00","-8.9","","-10.6","","87","","0.0","","34","","39","","","","96.53","","","","-19","","NA"
"-75.67","62.18","SALLUIT","7117800","2020-11-03 05:00","2020","11","03","05:00","-8.4","","-12.9","","70","","0.4","","34","","41","","","","96.44","","","","-19","","NA"
"-75.67","62.18","SALLUIT","7117800","2020-11-03 06:00","2020","11","03","06:00","-8.4","","-12.6","","72","","0.0","","34","","46","","","","96.37","","","","-19","","NA"
"-75.67","62.18","SALLUIT","7117800","2020-11-03 07:00","2020","11","03","07:00","-8.9","","-11.3","","82","","0.2","","32","","50","","","","96.34","","","","-20","","NA"
"-75.67","62.18","SALLUIT","7117800","2020-11-03 08:00","2020","11","03","08:00","-9.2","","-13.2","","73","","0.0","","30","","48","","","","96.29","","","","-20","","NA"
"-75.67","62.18","SALLUIT","7117800","2020-11-03 09:00","2020","11","03","09:00","-9.2","","-13.1","","74","","0.0","","28","","35","","","","96.25","","","","-19","","NA"
"-75.67","62.18","SALLUIT","7117800","2020-11-03 10:00","2020","11","03","10:00"
"-75.67","62.18","SALLUIT","7117800","2020-11-03 11:00","2020","11","03","11:00","-7.8","","-10.5","","81","","0.0","","30","","50","","","","96.18","","","","-19","","NA"
"-75.67","62.18","SALLUIT","7117800","2020-11-03 12:00","2020","11","03","12:00"
"-75.67","62.18","SALLUIT","7117800","2020-11-03 13:00","2020","11","03","13:00","-7.1","","-9.9","","80","","0.0","","28","","38","","","","96.23","","","","-17","","NA"
"-75.67","62.18","SALLUIT","7117800","2020-11-03 14:00","2020","11","03","14:00","-7.7","","-9.0","","90","","0.0","","26","","37","","","","96.26","","","","-17","","NA"
"-75.67","62.18","SALLUIT","7117800","2020-11-03 15:00","2020","11","03","15:00","-6.0","","-9.0","","79","","0.0","","30","","35","","","","96.35","","","","-15","","NA"
"-75.67","62.18","SALLUIT","7117800","2020-11-03 16:00","2020","11","03","16:00","-5.7","","-7.8","","85","","0.0","","31","","36","","","","96.42","","","","-15","","NA"
"-75.67","62.18","SALLUIT","7117800","2020-11-03 17:00","2020","11","03","17:00","-5.4","","-7.2","","87","","0.4","","32","","44","","","","96.50","","","","-15","","NA"
"-75.67","62.18","SALLUIT","7117800","2020-11-03 18:00","2020","11","03","18:00","-5.2","","-7.3","","85","","0.0","","33","","53","","","","96.61","","","","-15","","NA"
"-75.67","62.18","SALLUIT","7117800","2020-11-03 19:00","2020","11","03","19:00"
"-75.67","62.18","SALLUIT","7117800","2020-11-03 20:00","2020","11","03","20:00","-5.1","","-5.8","","95","","0.7","","33","","32","","","","96.90","","","","-13","","NA"
"-75.67","62.18","SALLUIT","7117800","2020-11-03 21:00","2020","11","03","21:00","-5.5","","-6.2","","95","","0.3","","34","","38","","","","97.03","","","","-15","","NA"
"-75.67","62.18","SALLUIT","7117800","2020-11-03 22:00","2020","11","03","22:00","-5.7","","-6.5","","94","","0.5","","33","","40","","","","97.18","","","","-15","","NA"
"-75.67","62.18","SALLUIT","7117800","2020-11-03 23:00","2020","11","03","23:00"
"-75.67","62.18","SALLUIT","7117800","2020-11-04 00:00","2020","11","04","00:00","-6.4","","-7.5","","92","","0.2","","30","","32","","","","97.50","","","","-15","","NA"
"-75.67","62.18","SALLUIT","7117800","2020-11-04 01:00","2020","11","04","01:00","-6.4","","-9.2","","81","","0.0","","30","","25","","","","97.63","","","","-14","","NA"
"-75.67","62.18","SALLUIT","7117800","2020-11-04 02:00","2020","11","04","02:00","-7.8","","-11.5","","75","","0.0","","27","","21","","","","97.76","","","","-15","","NA"
"-75.67","62.18","SALLUIT","7117800","2020-11-04 03:00","2020","11","04","03:00","-9.4","","-12.4","","78","","0.0","","26","","19","","","","97.84","","","","-17","","NA"
"-75.67","62.18","SALLUIT","7117800","2020-11-04 04:00","2020","11","04","04:00"
"-75.67","62.18","SALLUIT","7117800","2020-11-04 05:00","2020","11","04","05:00","-10.5","","-12.3","","87","","0.0","","25","","20","","","","98.05","","","","-18","","NA"
"-75.67","62.18","SALLUIT","7117800","2020-11-04 06:00","2020","11","04","06:00","-8.8","","-11.3","","82","","0.0","","26","","26","","","","98.13","","","","-17","","NA"
"-75.67","62.18","SALLUIT","7117800","2020-11-04 07:00","2020","11","04","07:00","-10.2","","-13.0","","80","","0.0","","25","","23","","","","98.23","","","","-19","","NA"
"-75.67","62.18","SALLUIT","7117800","2020-11-04 08:00","2020","11","04","08:00"
"-75.67","62.18","SALLUIT","7117800","2020-11-04 09:00","2020","11","04","09:00","-11.1","","-13.6","","82","","0.0","","25","","25","","","","98.37","","","","-20","","NA"
"-75.67","62.18","SALLUIT","7117800","2020-11-04 10:00","2020","11","04","10:00","-10.1","","-13.0","","79","","0.0","","26","","23","","","","98.42","","","","-19","","NA"
"-75.67","62.18","SALLUIT","7117800","2020-11-04 11:00","2020","11","04","11:00","-9.7","","-12.5","","81","","0.0","","26","","23","","","","98.49","","","","-18","","NA"
"-75.67","62.18","SALLUIT","7117800","2020-11-04 12:00","2020","11","04","12:00","-9.3","","-12.1","","80","","0.0","","26","","27","","","","98.56","","","","-18","","NA"
"-75.67","62.18","SALLUIT","7117800","2020-11-04 13:00","2020","11","04","13:00","-9.4","","-12.4","","78","","0.0","","25","","26","","","","98.63","","","","-18","","NA"
"-75.67","62.18","SALLUIT","7117800","2020-11-04 14:00","2020","11","04","14:00","-10.4","","-13.3","","79","","0.0","","25","","19","","","","98.68","","","","-18","","NA"
"-75.67","62.18","SALLUIT","7117800","2020-11-04 15:00","2020","11","04","15:00","-10.4","","-12.9","","82","","0.0","","25","","12","","","","98.72","","","","-16","","NA"
"-75.67","62.18","SALLUIT","7117800","2020-11-04 16:00","2020","11","04","16:00","-11.2","","-14.0","","80","","0.0","","20","","16","","","","98.78","","","","-18","","NA"
"-75.67","62.18","SALLUIT","7117800","2020-11-04 17:00","2020","11","04","17:00","-10.8","","-14.6","","73","","0.0","","18","","25","","","","98.79","","","","-20","","NA"
"-75.67","62.18","SALLUIT","7117800","2020-11-04 18:00","2020","11","04","18:00"
"-75.67","62.18","SALLUIT","7117800","2020-11-04 19:00","2020","11","04","19:00"
"-75.67","62.18","SALLUIT","7117800","2020-11-04 20:00","2020","11","04","20:00","-12.1","","-14.8","","80","","0.0","","17","","36","","","","98.66","","","","-23","","NA"
"-75.67","62.18","SALLUIT","7117800","2020-11-04 21:00","2020","11","04","21:00","-11.5","","-14.3","","80","","0.0","","17","","33","","","","98.60","","","","-22","","NA"
"-75.67","62.18","SALLUIT","7117800","2020-11-04 22:00","2020","11","04","22:00","-10.2","","-12.5","","83","","0.0","","17","","54","","","","98.45","","","","-22","","NA"
"-75.67","62.18","SALLUIT","7117800","2020-11-04 23:00","2020","11","04","23:00"
"-75.67","62.18","SALLUIT","7117800","2020-11-05 00:00","2020","11","05","00:00","-8.6","","-10.4","","87","","0.0","","17","","58","","","","98.23","","","","-21","","NA"
"-75.67","62.18","SALLUIT","7117800","2020-11-05 01:00","2020","11","05","01:00","-9.0","","-11.2","","84","","0.0","","16","","42","","","","98.28","","","","-20","","NA"
"-75.67","62.18","SALLUIT","7117800","2020-11-05 02:00","2020","11","05","02:00","-8.3","","-10.0","","87","","0.0","","17","","53","","","","98.12","","","","-20","","NA"
"-75.67","62.18","SALLUIT","7117800","2020-11-05 03:00","2020","11","05","03:00","-7.6","","-9.6","","86","","0.0","","16","","60","","","","97.94","","","","-19","","NA"
"-75.67","62.18","SALLUIT","7117800","2020-11-05 04:00","2020","11","05","04:00"
"-75.67","62.18","SALLUIT","7117800","2020-11-05 05:00","2020","11","05","05:00","-7.3","","-9.2","","86","","0.0","","16","","56","","","","97.70","","","","-19","","NA"
"-75.67","62.18","SALLUIT","7117800","2020-11-05 06:00","2020","11","05","06:00","-7.4","","-9.1","","88","","0.0","","16","","59","","","","97.56","","","","-19","","NA"
"-75.67","62.18","SALLUIT","7117800","2020-11-05 07:00","2020","11","05","07:00","-7.6","","-9.2","","88","","0.0","","16","","62","","","","97.35","","","","-19","","NA"
"-75.67","62.18","SALLUIT","7117800","2020-11-05 08:00","2020","11","05","08:00","-7.8","","-9.3","","89","","0.0","","15","","71","","","","97.11","","","","-20","","NA"
"-75.67","62.18","SALLUIT","7117800","2020-11-05 09:00","2020","11","05","09:00","-7.6","","-9.7","","85","","0.0","","15","","79","","","","96.92","","","","-21","","NA"
"-75.67","62.18","SALLUIT","7117800","2020-11-05 10:00","2020","11","05","10:00","-7.8","","-9.7","","86","","0.0","","16","","81","","","","96.71","","","","-21","","NA"
"-75.67","62.18","SALLUIT","7117800","2020-11-05 11:00","2020","11","05","11:00","-7.9","","-9.8","","86","","0.0","","14","","68","","","","96.65","","","","-20","","NA"
"-75.67","62.18","SALLUIT","7117800","2020-11-05 12:00","2020","11","05","12:00","-8.0","","-9.5","","89","","0.0","","14","","67","","","","96.38","","","","-20","","NA"
"-75.67","62.18","SALLUIT","7117800","2020-11-05 13:00","2020","11","05","13:00","-8.0","","-9.6","","88","","0.0","","14","","76","","","","96.16","","","","-21","","NA"
"-75.67","62.18","SALLUIT","7117800","2020-11-05 14:00","2020","11","05","14:00","-8.2","","-9.5","","90","","0.0","","14","","64","","","","96.10","","","","-20","","NA"
"-75.67","62.18","SALLUIT","7117800","2020-11-05 15:00","2020","11","05","15:00","-8.1","","-9.8","","88","","0.0","","14","","62","","","","96.04","","","","-20","","NA"
"-75.67","62.18","SALLUIT","7117800","2020-11-05 16:00","2020","11","05","16:00","-8.0","","-9.7","","87","","0.0","","14","","58","","","","95.97","","","","-20","","NA"
"-75.67","62.18","SALLUIT","7117800","2020-11-05 17:00","2020","11","05","17:00","-7.7","","-9.7","","85","","0.0","","14","","55","","","","95.94","","","","-19","","NA"
"-75.67","62.18","SALLUIT","7117800","2020-11-05 18:00","2020","11","05","18:00","-7.1","","-9.6","","83","","0.0","","13","","58","","","","95.94","","","","-18","","NA"
"-75.67","62.18","SALLUIT","7117800","2020-11-05 19:00","2020","11","05","19:00","-7.0","","-9.1","","85","","0.0","","12","","50","","","","96.02","","","","-18","","NA"
"-75.67","62.18","SALLUIT","7117800","2020-11-05 20:00","2020","11","05","20:00","-7.1","","-8.5","","90","","0.0","","3","","21","","","","96.18","","","","-14","","NA"
"-75.67","62.18","SALLUIT","7117800","2020-11-05 21:00","2020","11","05","21:00","-7.0","","-8.2","","91","","0.0","","4","","19","","","","96.24","","","","-14","","NA"
"-75.67","62.18","SALLUIT","7117800","2020-11-05 22:00","2020","11","05","22:00","-6.8","","-8.4","","88","","0.0","","6","","21","","","","96.30","","","","-14","","NA"
"-75.67","62.18","SALLUIT","7117800","2020-11-05 23:00","2020","11","05","23:00","-6.8","","-8.2","","90","","0.0","","5","","17","","","","96.39","","","","-13","","NA"
"-75.67","62.18","SALLUIT","7117800","2020-11-06 00:00","2020","11","06","00:00"
"-75.67","62.18","SALLUIT","7117800","2020-11-06 01:00","2020","11","06","01:00","-6.1","","-7.9","","87","","0.2","","8","","39","","","","96.56","","","","-15","","NA"
"-75.67","62.18","SALLUIT","7117800","2020-11-06 02:00","2020","11","06","02:00","-6.4","","-7.9","","89","","0.0","","6","","31","","","","96.74","","","","-15","","NA"
"-75.67","62.18","SALLUIT","7117800","2020-11-06 03:00","2020","11","06","03:00","-6.3","","-7.1","","94","","0.0","","4","","41","","","","96.84","","","","-16","","NA"
"-75.67","62.18","SALLUIT","7117800","2020-11-06 04:00","2020","11","06","04:00","-6.5","","-7.3","","94","","0.0","","4","","35","","","","96.99","","","","-16","","NA"
"-75.67","62.18","SALLUIT","7117800","2020-11-06 05:00","2020","11","06","05:00"
"-75.67","62.18","SALLUIT","7117800","2020-11-06 06:00","2020","11","06","06:00","-7.1","","-8.1","","93","","0.0","","2","","44","","","","97.28","","","","-17","","NA"
"-75.67","62.18","SALLUIT","7117800","2020-11-06 07:00","2020","11","06","07:00","-7.3","","-8.8","","89","","0.0","","2","","38","","","","97.43","","","","-17","","NA"
"-75.67","62.18","SALLUIT","7117800","2020-11-06 08:00","2020","11","06","08:00","-7.5","","-8.6","","92","","0.2","","3","","41","","","","97.53","","","","-18","","NA"
"-75.67","62.18","SALLUIT","7117800","2020-11-06 09:00","2020","11","06","09:00","-7.3","","-8.1","","94","","0.0","","3","","56","","","","97.61","","","","-19","","NA"
"-75.67","62.18","SALLUIT","7117800","2020-11-06 10:00","2020","11","06","10:00","-7.9","","-10.2","","84","","0.2","","2","","49","","","","97.77","","","","-19","","NA"
"-75.67","62.18","SALLUIT","7117800","2020-11-06 11:00","2020","11","06","11:00","-7.5","","-10.5","","79","","0.0","","2","","46","","","","97.86","","","","-18","","NA"
"-75.67","62.18","SALLUIT","7117800","2020-11-06 12:00","2020","11","06","12:00","-7.3","","-10.3","","79","","0.0","","2","","47","","","","97.95","","","","-18","","NA"
"-75.67","62.18","SALLUIT","7117800","2020-11-06 13:00","2020","11","06","13:00","-7.4","","-9.9","","82","","0.0","","2","","46","","","","98.06","","","","-18","","NA"
"-75.67","62.18","SALLUIT","7117800","2020-11-06 14:00","2020","11","06","14:00","-7.6","","-11.7","","73","","0.0","","2","","37","","","","98.21","","","","-17","","NA"
"-75.67","62.18","SALLUIT","7117800","2020-11-06 15:00","2020","11","06","15:00"
"-75.67","62.18","SALLUIT","7117800","2020-11-06 16:00","2020","11","06","16:00","-8.2","","-13.1","","68","","0.0","","3","","39","","","","98.40","","","","-18","","NA"
"-75.67","62.18","SALLUIT","7117800","2020-11-06 17:00","2020","11","06","17:00","-8.0","","-11.6","","76","","0.0","","2","","32","","","","98.49","","","","-17","","NA"
"-75.67","62.18","SALLUIT","7117800","2020-11-06 18:00","2020","11","06","18:00","-8.1","","-12.2","","72","","0.0","","3","","34","","","","98.55","","","","-18","","NA"
"-75.67","62.18","SALLUIT","7117800","2020-11-06 19:00","2020","11","06","19:00","-8.1","","-12.7","","69","","0.0","","1","","36","","","","98.61","","","","-18","","NA"
"-75.67","62.18","SALLUIT","7117800","2020-11-06 20:00","2020","11","06","20:00"
"-75.67","62.18","SALLUIT","7117800","2020-11-06 21:00","2020","11","06","21:00","-7.7","","-12.3","","69","","0.0","","36","","19","","","","98.75","","","","-15","","NA"
"-75.67","62.18","SALLUIT","7117800","2020-11-06 22:00","2020","11","06","22:00","-7.7","","-12.6","","68","","0.0","","34","","14","","","","98.79","","","","-14","","NA"
"-75.67","62.18","SALLUIT","7117800","2020-11-06 23:00","2020","11","06","23:00","-8.4","","-10.8","","83","","0.0","","29","","16","","","","98.83","","","","-15","","NA"
"-75.67","62.18","SALLUIT","7117800","2020-11-07 00:00","2020","11","07","00:00","-9.9","","-12.9","","79","","0.0","","27","","21","","","","98.88","","","","-18","","NA"
"-75.67","62.18","SALLUIT","7117800","2020-11-07 01:00","2020","11","07","01:00"
"-75.67","62.18","SALLUIT","7117800","2020-11-07 02:00","2020","11","07","02:00"
"-75.67","62.18","SALLUIT","7117800","2020-11-07 03:00","2020","11","07","03:00","-10.4","","-13.1","","81","","0.0","","26","","24","","","","99.01","","","","-19","","NA"
"-75.67","62.18","SALLUIT","7117800","2020-11-07 04:00","2020","11","07","04:00","-10.3","","-13.1","","80","","0.0","","26","","32","","","","99.04","","","","-20","","NA"
"-75.67","62.18","SALLUIT","7117800","2020-11-07 05:00","2020","11","07","05:00","-10.4","","-13.1","","81","","0.0","","26","","36","","","","99.08","","","","-21","","NA"
"-75.67","62.18","SALLUIT","7117800","2020-11-07 06:00","2020","11","07","06:00","-10.2","","-12.5","","84","","0.0","","26","","40","","","","99.09","","","","-21","","NA"
"-75.67","62.18","SALLUIT","7117800","2020-11-07 07:00","2020","11","07","07:00","-9.7","","-11.5","","86","","0.0","","25","","34","","","","99.15","","","","-20","","NA"
"-75.67","62.18","SALLUIT","7117800","2020-11-07 08:00","2020","11","07","08:00","-10.3","","-12.4","","85","","0.0","","24","","32","","","","99.20","","","","-20","","NA"
"-75.67","62.18","SALLUIT","7117800","2020-11-07 09:00","2020","11","07","09:00","-9.0","","-11.6","","82","","0.0","","23","","37","","","","99.24","","","","-19","","NA"
"-75.67","62.18","SALLUIT","7117800","2020-11-07 10:00","2020","11","07","10:00","-8.3","","-11.1","","80","","0.0","","23","","37","","","","99.29","","","","-18","","NA"
"-75.67","62.18","SALLUIT","7117800","2020-11-07 11:00","2020","11","07","11:00","-8.0","","-11.3","","77","","0.0","","23","","38","","","","99.31","","","","-18","","NA"
"-75.67","62.18","SALLUIT","7117800","2020-11-07 12:00","2020","11","07","12:00","-8.3","","-11.8","","76","","0.0","","23","","44","","","","99.28","","","","-19","","NA"
"-75.67","62.18","SALLUIT","7117800","2020-11-07 13:00","2020","11","07","13:00","-8.5","","-10.5","","85","","0.0","","24","","57","","","","99.21","","","","-20","","NA"
"-75.67","62.18","SALLUIT","7117800","2020-11-07 14:00","2020","11","07","14:00","-10.0","","-13.6","","75","","0.0","","20","","62","","","","99.25","","","","-23","","NA"
"-75.67","62.18","SALLUIT","7117800","2020-11-07 15:00","2020","11","07","15:00","-9.9","","-13.3","","76","","0.0","","20","","51","","","","99.31","","","","-22","","NA"
"-75.67","62.18","SALLUIT","7117800","2020-11-07 16:00","2020","11","07","16:00","-9.8","","-14.8","","67","","0.0","","21","","43","","","","99.34","","","","-21","","NA"
"-75.67","62.18","SALLUIT","7117800","2020-11-07 17:00","2020","11","07","17:00","-10.1","","-15.7","","64","","0.0","","20","","41","","","","99.36","","","","-21","","NA"
"-75.67","62.18","SALLUIT","7117800","2020-11-07 18:00","2020","11","07","18:00","-9.9","","-15.3","","64","","0.0","","20","","51","","","","99.27","","","","-22","","NA"
"-75.67","62.18","SALLUIT","7117800","2020-11-07 19:00","2020","11","07","19:00","-10.2","","-15.1","","67","","0.0","","19","","60","","","","99.20","","","","-23","","NA"
"-75.67","62.18","SALLUIT","7117800","2020-11-07 20:00","2020","11","07","20:00","-9.9","","-15.2","","65","","0.0","","19","","70","","","","99.13","","","","-23","","NA"
"-75.67","62.18","SALLUIT","7117800","2020-11-07 21:00","2020","11","07","21:00","-10.4","","-14.8","","70","","0.0","","19","","76","","","","99.07","","","","-24","","NA"
"-75.67","62.18","SALLUIT","7117800","2020-11-07 22:00","2020","11","07","22:00"
"-75.67","62.18","SALLUIT","7117800","2020-11-07 23:00","2020","11","07","23:00","-8.7","","-15.2","","59","","0.0","","19","","76","","","","98.99","","","","-22","","NA"
"-75.67","62.18","SALLUIT","7117800","2020-11-08 00:00","2020","11","08","00:00","-9.1","","-15.1","","62","","0.0","","19","","66","","","","99.01","","","","-22","","NA"
"-75.67","62.18","SALLUIT","7117800","2020-11-08 01:00","2020","11","08","01:00","-9.6","","-15.5","","62","","0.0","","18","","72","","","","98.95","","","","-23","","NA"
"-75.67","62.18","SALLUIT","7117800","2020-11-08 02:00","2020","11","08","02:00","-8.6","","-12.0","","76","","0.0","","20","","74","","","","98.86","","","","-22","","NA"
"-75.67","62.18","SALLUIT","7117800","2020-11-08 03:00","2020","11","08","03:00","-11.0","","-14.0","","78","","0.0","","18","","64","","","","98.82","","","","-24","","NA"
"-75.67","62.18","SALLUIT","7117800","2020-11-08 04:00","2020","11","08","04:00","-10.9","","-13.4","","81","","0.0","","17","","59","","","","98.80","","","","-24","","NA"
"-75.67","62.18","SALLUIT","7117800","2020-11-08 05:00","2020","11","08","05:00","-7.9","","-9.9","","86","","0.0","","19","","54","","","","98.77","","","","-19","","NA"
"-75.67","62.18","SALLUIT","7117800","2020-11-08 06:00","2020","11","08","06:00","-8.9","","-11.1","","84","","0.0","","20","","55","","","","98.79","","","","-21","","NA"
"-75.67","62.18","SALLUIT","7117800","2020-11-08 07:00","2020","11","08","07:00","-9.7","","-11.8","","85","","0.0","","18","","45","","","","98.77","","","","-21","","NA"
"-75.67","62.18","SALLUIT","7117800","2020-11-08 08:00","2020","11","08","08:00","-9.4","","-11.3","","86","","0.0","","19","","36","","","","98.78","","","","-20","","NA"
"-75.67","62.18","SALLUIT","7117800","2020-11-08 09:00","2020","11","08","09:00","-8.3","","-10.2","","86","","0.0","","20","","32","","","","98.79","","","","-18","","NA"
"-75.67","62.18","SALLUIT","7117800","2020-11-08 10:00","2020","11","08","10:00","-8.0","","-10.2","","84","","0.0","","18","","24","","","","98.79","","","","-16","","NA"
"-75.67","62.18","SALLUIT","7117800","2020-11-08 11:00","2020","11","08","11:00","-7.9","","-9.8","","86","","0.0","","19","","20","","","","98.79","","","","-15","","NA"
"-75.67","62.18","SALLUIT","7117800","2020-11-08 12:00","2020","11","08","12:00"
"-75.67","62.18","SALLUIT","7117800","2020-11-08 13:00","2020","11","08","13:00","-6.8","","-8.8","","86","","0.0","","22","","12","","","","98.74","","","","-12","","NA"
"-75.67","62.18","SALLUIT","7117800","2020-11-08 14:00","2020","11","08","14:00","-7.8","","-9.6","","87","","0.0","","26","","12","","","","98.76","","","","-13","","NA"
"-75.67","62.18","SALLUIT","7117800","2020-11-08 15:00","2020","11","08","15:00","-7.0","","-8.4","","90","","0.0","","23","","11","","","","98.79","","","","-12","","NA"
"-75.67","62.18","SALLUIT","7117800","2020-11-08 16:00","2020","11","08","16:00","-7.2","","-8.0","","94","","0.7","","22","","4","","","","98.84","","","","-9","","NA"
"-75.67","62.18","SALLUIT","7117800","2020-11-08 17:00","2020","11","08","17:00","-6.8","","-7.6","","94","","0.5","","28","","6","","","","98.88","","","","-10","","NA"
"-75.67","62.18","SALLUIT","7117800","2020-11-08 18:00","2020","11","08","18:00","-6.1","","-8.5","","83","","0.0","","31","","8","","","","98.89","","","","-10","","NA"
"-75.67","62.18","SALLUIT","7117800","2020-11-08 19:00","2020","11","08","19:00","-6.2","","-9.8","","76","","0.0","","33","","13","","","","98.88","","","","-12","","NA"
"-75.67","62.18","SALLUIT","7117800","2020-11-08 20:00","2020","11","08","20:00","-6.6","","-10.4","","74","","0.0","","33","","15","","","","98.89","","","","-13","","NA"
"-75.67","62.18","SALLUIT","7117800","2020-11-08 21:00","2020","11","08","21:00","-7.0","","-11.8","","69","","0.0","","32","","13","","","","98.87","","","","-13","","NA"
"-75.67","62.18","SALLUIT","7117800","2020-11-08 22:00","2020","11","08","22:00","-7.2","","-11.3","","72","","0.0","","31","","18","","","","98.85","","","","-14","","NA"
"-75.67","62.18","SALLUIT","7117800","2020-11-08 23:00","2020","11","08","23:00","-7.6","","-11.0","","76","","0.0","","29","","10","","","","98.85","","","","-12","","NA"
"-75.67","62.18","SALLUIT","7117800","2020-11-09 00:00","2020","11","09","00:00","-7.9","","-11.5","","75","","0.0","","28","","12","","","","98.82","","","","-13","","NA"
"-75.67","62.18","SALLUIT","7117800","2020-11-09 01:00","2020","11","09","01:00","-7.8","","-11.9","","72","","0.0","","25","","3","","","","98.82","","","","-9","","NA"
"-75.67","62.18","SALLUIT","7117800","2020-11-09 02:00","2020","11","09","02:00","-7.8","","-12.1","","71","","0.0","","24","","5","","","","98.80","","","","-10","","NA"
"-75.67","62.18","SALLUIT","7117800","2020-11-09 03:00","2020","11","09","03:00"
"-75.67","62.18","SALLUIT","7117800","2020-11-09 04:00","2020","11","09","04:00","-8.4","","-12.3","","74","","0.0","","20","","12","","","","98.76","","","","-14","","NA"
"-75.67","62.18","SALLUIT","7117800","2020-11-09 05:00","2020","11","09","05:00","-8.7","","-12.8","","72","","0.0","","18","","10","","","","98.68","","","","-14","","NA"
"-75.67","62.18","SALLUIT","7117800","2020-11-09 06:00","2020","11","09","06:00","-8.6","","-13.3","","69","","0.0","","17","","10","","","","98.61","","","","-14","","NA"
"-75.67","62.18","SALLUIT","7117800","2020-11-09 07:00","2020","11","09","07:00","-9.5","","-13.4","","73","","0.0","","19","","18","","","","98.58","","","","-17","","NA"
"-75.67","62.18","SALLUIT","7117800","2020-11-09 08:00","2020","11","09","08:00"
"-75.67","62.18","SALLUIT","7117800","2020-11-09 09:00","2020","11","09","09:00","-9.4","","-12.9","","75","","0.0","","17","","27","","","","98.46","","","","-18","","NA"
"-75.67","62.18","SALLUIT","7117800","2020-11-09 10:00","2020","11","09","10:00","-9.1","","-13.1","","73","","0.0","","16","","25","","","","98.39","","","","-18","","NA"
"-75.67","62.18","SALLUIT","7117800","2020-11-09 11:00","2020","11","09","11:00","-9.6","","-13.0","","76","","0.0","","15","","24","","","","98.24","","","","-18","","NA"
"-75.67","62.18","SALLUIT","7117800","2020-11-09 12:00","2020","11","09","12:00","-9.9","","-13.1","","77","","0.0","","15","","28","","","","98.21","","","","-19","","NA"
"-75.67","62.18","SALLUIT","7117800","2020-11-09 13:00","2020","11","09","13:00"
"-75.67","62.18","SALLUIT","7117800","2020-11-09 14:00","2020","11","09","14:00","-9.8","","-13.5","","74","","0.0","","15","","23","","","","97.96","","","","-18","","NA"
"-75.67","62.18","SALLUIT","7117800","2020-11-09 15:00","2020","11","09","15:00","-9.2","","-13.1","","73","","0.0","","14","","26","","","","97.86","","","","-18","","NA"
"-75.67","62.18","SALLUIT","7117800","2020-11-09 16:00","2020","11","09","16:00","-9.1","","-12.7","","75","","0.0","","14","","19","","","","97.86","","","","-17","","NA"
"-75.67","62.18","SALLUIT","7117800","2020-11-09 17:00","2020","11","09","17:00","-9.4","","-11.9","","82","","0.0","","14","","21","","","","97.81","","","","-17","","NA"
"-75.67","62.18","SALLUIT","7117800","2020-11-09 18:00","2020","11","09","18:00","-9.1","","-11.5","","83","","0.2","","15","","11","","","","97.73","","","","-15","","NA"
"-75.67","62.18","SALLUIT","7117800","2020-11-09 19:00","2020","11","09","19:00","-8.8","","-11.2","","83","","0.0","","4","","7","","","","97.62","","","","-13","","NA"
"-75.67","62.18","SALLUIT","7117800","2020-11-09 20:00","2020","11","09","20:00","-8.6","","-11.0","","83","","0.0","","17","","3","","","","97.54","","","","-10","","NA"
"-75.67","62.18","SALLUIT","7117800","2020-11-09 21:00","2020","11","09","21:00","-8.5","","-10.9","","83","","0.0","","15","","14","","","","97.48","","","","-15","","NA"
"-75.67","62.18","SALLUIT","7117800","2020-11-09 22:00","2020","11","09","22:00","-8.6","","-10.4","","87","","0.2","","33","","8","","","","97.45","","","","-13","","NA"
"-75.67","62.18","SALLUIT","7117800","2020-11-09 23:00","2020","11","09","23:00"
"-75.67","62.18","SALLUIT","7117800","2020-11-10 00:00","2020","11","10","00:00","-9.2","","-10.3","","92","","0.2","","4","","3","","","","97.35","","","","-11","","NA"
"-75.67","62.18","SALLUIT","7117800","2020-11-10 01:00","2020","11","10","01:00","-9.1","","-9.8","","95","","0.0","","6","","3","","","","97.32","","","","-11","","NA"
"-75.67","62.18","SALLUIT","7117800","2020-11-10 02:00","2020","11","10","02:00","-9.7","","-10.7","","92","","0.0","","0","","1","","","","97.30","","","","-10","","NA"
"-75.67","62.18","SALLUIT","7117800","2020-11-10 03:00","2020","11","10","03:00","-10.4","","-11.5","","91","","0.0","","","","0","","","","97.33","","","","","","NA"
"-75.67","62.18","SALLUIT","7117800","2020-11-10 04:00","2020","11","10","04:00"
"-75.67","62.18","SALLUIT","7117800","2020-11-10 05:00","2020","11","10","05:00","-11.3","","-12.2","","93","","0.0","","23","","4","","","","97.39","","","","-14","","NA"
"-75.67","62.18","SALLUIT","7117800","2020-11-10 06:00","2020","11","10","06:00","-11.4","","-12.7","","91","","0.0","","22","","4","","","","97.43","","","","-14","","NA"
"-75.67","62.18","SALLUIT","7117800","2020-11-10 07:00","2020","11","10","07:00","-11.4","","-12.7","","90","","0.0","","26","","5","","","","97.46","","","","-15","","NA"
"-75.67","62.18","SALLUIT","7117800","2020-11-10 08:00","2020","11","10","08:00","-10.7","","-11.9","","90","","0.0","","24","","5","","","","97.48","","","","-14","","NA"
"-75.67","62.18","SALLUIT","7117800","2020-11-10 09:00","2020","11","10","09:00","-10.3","","-11.7","","89","","0.0","","24","","7","","","","97.49","","","","-14","","NA"
"-75.67","62.18","SALLUIT","7117800","2020-11-10 10:00","2020","11","10","10:00","-10.1","","-11.9","","87","","0.2","","25","","11","","","","97.52","","","","-16","","NA"
"-75.67","62.18","SALLUIT","7117800","2020-11-10 11:00","2020","11","10","11:00","-9.7","","-11.3","","87","","0.0","","24","","7","","","","97.60","","","","-14","","NA"
"-75.67","62.18","SALLUIT","7117800","2020-11-10 12:00","2020","11","10","12:00","-9.6","","-11.6","","85","","0.0","","24","","11","","","","97.65","","","","-15","","NA"
"-75.67","62.18","SALLUIT","7117800","2020-11-10 13:00","2020","11","10","13:00","-11.1","","-14.1","","79","","0.0","","25","","6","","","","97.73","","","","-15","","NA"
"-75.67","62.18","SALLUIT","7117800","2020-11-10 14:00","2020","11","10","14:00","-9.4","","-13.7","","71","","0.0","","22","","11","","","","97.76","","","","-15","","NA"
"-75.67","62.18","SALLUIT","7117800","2020-11-10 15:00","2020","11","10","15:00","-10.3","","-14.2","","73","","0.0","","22","","21","","","","97.81","","","","-18","","NA"
"-75.67","62.18","SALLUIT","7117800","2020-11-10 16:00","2020","11","10","16:00","-10.6","","-14.0","","76","","0.0","","23","","16","","","","97.88","","","","-18","","NA"
"-75.67","62.18","SALLUIT","7117800","2020-11-10 17:00","2020","11","10","17:00","-9.9","","-12.7","","80","","0.0","","24","","16","","","","97.96","","","","-17","","NA"
"-75.67","62.18","SALLUIT","7117800","2020-11-10 18:00","2020","11","10","18:00","-10.4","","-12.6","","84","","0.0","","20","","30","","","","97.93","","","","-20","","NA"
"-75.67","62.18","SALLUIT","7117800","2020-11-10 19:00","2020","11","10","19:00","-10.5","","-12.7","","84","","0.0","","19","","33","","","","97.93","","","","-21","","NA"
"-75.67","62.18","SALLUIT","7117800","2020-11-10 20:00","2020","11","10","20:00","-9.5","","-11.5","","86","","0.0","","20","","33","","","","97.98","","","","-19","","NA"
"-75.67","62.18","SALLUIT","7117800","2020-11-10 21:00","2020","11","10","21:00","-9.7","","-11.6","","86","","0.0","","19","","36","","","","97.89","","","","-20","","NA"
"-75.67","62.18","SALLUIT","7117800","2020-11-10 22:00","2020","11","10","22:00","-10.5","","-12.8","","83","","0.0","","18","","40","","","","97.83","","","","-21","","NA"
"-75.67","62.18","SALLUIT","7117800","2020-11-10 23:00","2020","11","10","23:00","-9.7","","-11.9","","84","","0.0","","18","","44","","","","97.79","","","","-21","","NA"
"-75.67","62.18","SALLUIT","7117800","2020-11-11 00:00","2020","11","11","00:00"
"-75.67","62.18","SALLUIT","7117800","2020-11-11 01:00","2020","11","11","01:00","-9.0","","-11.1","","84","","0.0","","19","","44","","","","97.69","","","","-20","","NA"
"-75.67","62.18","SALLUIT","7117800","2020-11-11 02:00","2020","11","11","02:00","-9.2","","-11.6","","82","","0.0","","19","","47","","","","97.61","","","","-20","","NA"
"-75.67","62.18","SALLUIT","7117800","2020-11-11 03:00","2020","11","11","03:00","-9.1","","-11.6","","82","","0.0","","19","","53","","","","97.51","","","","-21","","NA"
"-75.67","62.18","SALLUIT","7117800","2020-11-11 04:00","2020","11","11","04:00","-8.9","","-11.8","","80","","0.0","","20","","60","","","","97.43","","","","-21","","NA"
"-75.67","62.18","SALLUIT","7117800","2020-11-11 05:00","2020","11","11","05:00"
"-75.67","62.18","SALLUIT","7117800","2020-11-11 06:00","2020","11","11","06:00","-9.7","","-13.1","","76","","0.0","","20","","55","","","","97.30","","","","-22","","NA"
"-75.67","62.18","SALLUIT","7117800","2020-11-11 07:00","2020","11","11","07:00","-9.4","","-13.0","","75","","0.0","","19","","53","","","","97.21","","","","-21","","NA"
"-75.67","62.18","SALLUIT","7117800","2020-11-11 08:00","2020","11","11","08:00","-9.0","","-12.5","","75","","0.0","","19","","59","","","","97.12","","","","-21","","NA"
"-75.67","62.18","SALLUIT","7117800","2020-11-11 09:00","2020","11","11","09:00","-9.4","","-12.1","","80","","0.0","","19","","56","","","","97.01","","","","-21","","NA"
"-75.67","62.18","SALLUIT","7117800","2020-11-11 10:00","2020","11","11","10:00","-9.1","","-12.1","","79","","0.0","","19","","58","","","","96.92","","","","-21","","NA"
"-75.67","62.18","SALLUIT","7117800","2020-11-11 11:00","2020","11","11","11:00","-10.0","","-12.3","","83","","0.0","","17","","55","","","","96.79","","","","-22","","NA"
"-75.67","62.18","SALLUIT","7117800","2020-11-11 12:00","2020","11","11","12:00","-10.2","","-12.8","","82","","0.0","","17","","52","","","","96.73","","","","-22","","NA"
"-75.67","62.18","SALLUIT","7117800","2020-11-11 13:00","2020","11","11","13:00","-9.8","","-12.4","","81","","0.0","","17","","63","","","","96.56","","","","-23","","NA"
"-75.67","62.18","SALLUIT","7117800","2020-11-11 14:00","2020","11","11","14:00","-9.7","","-12.5","","80","","0.0","","18","","59","","","","96.52","","","","-22","","NA"
"-75.67","62.18","SALLUIT","7117800","2020-11-11 15:00","2020","11","11","15:00","-8.7","","-12.0","","77","","0.0","","19","","47","","","","96.55","","","","-20","","NA"
"-75.67","62.18","SALLUIT","7117800","2020-11-11 16:00","2020","11","11","16:00","-8.8","","-12.1","","77","","0.0","","20","","41","","","","96.53","","","","-19","","NA"
"-75.67","62.18","SALLUIT","7117800","2020-11-11 17:00","2020","11","11","17:00","-8.1","","-11.8","","75","","0.0","","22","","34","","","","96.61","","","","-18","","NA"
"-75.67","62.18","SALLUIT","7117800","2020-11-11 18:00","2020","11","11","18:00","-9.6","","-11.9","","84","","0.0","","22","","31","","","","96.65","","","","-19","","NA"
"-75.67","62.18","SALLUIT","7117800","2020-11-11 19:00","2020","11","11","19:00","-10.0","","-11.6","","88","","0.0","","26","","23","","","","96.71","","","","-18","","NA"
"-75.67","62.18","SALLUIT","7117800","2020-11-11 20:00","2020","11","11","20:00","-10.4","","-11.7","","90","","0.0","","26","","17","","","","96.75","","","","-18","","NA"
"-75.67","62.18","SALLUIT","7117800","2020-11-11 21:00","2020","11","11","21:00","-10.3","","-13.2","","79","","0.0","","28","","24","","","","96.78","","","","-19","","NA"
"-75.67","62.18","SALLUIT","7117800","2020-11-11 22:00","2020","11","11","22:00","-11.6","","-14.3","","81","","0.0","","26","","21","","","","96.87","","","","-20","","NA"
"-75.67","62.18","SALLUIT","7117800","2020-11-11 23:00","2020","11","11","23:00","-11.1","","-14.0","","79","","0.0","","26","","21","","","","96.90","","","","-19","","NA"
"-75.67","62.18","SALLUIT","7117800","2020-11-12 00:00","2020","11","12","00:00","-10.8","","-13.6","","79","","0.0","","28","","24","","","","96.97","","","","-20","","NA"
"-75.67","62.18","SALLUIT","7117800","2020-11-12 01:00","2020","11","12","01:00","-11.0","","-14.5","","76","","0.0","","28","","30","","","","97.04","","","","-21","","NA"
"-75.67","62.18","SALLUIT","7117800","2020-11-12 02:00","2020","11","12","02:00","-11.6","","-14.8","","77","","0.0","","26","","27","","","","97.12","","","","-21","","NA"
"-75.67","62.18","SALLUIT","7117800","2020-11-12 03:00","2020","11","12","03:00","-11.5","","-14.6","","77","","0.0","","26","","32","","","","97.17","","","","-22","","NA"
"-75.67","62.18","SALLUIT","7117800","2020-11-12 04:00","2020","11","12","04:00","-10.6","","-14.6","","73","","0.0","","27","","23","","","","97.26","","","","-19","","NA"
"-75.67","62.18","SALLUIT","7117800","2020-11-12 05:00","2020","11","12","05:00","-10.7","","-13.7","","79","","0.0","","24","","20","","","","97.30","","","","-19","","NA"
"-75.67","62.18","SALLUIT","7117800","2020-11-12 06:00","2020","11","12","06:00","-10.6","","-13.0","","82","","0.0","","25","","33","","","","97.32","","","","-21","","NA"
"-75.67","62.18","SALLUIT","7117800","2020-11-12 07:00","2020","11","12","07:00","-10.6","","-13.6","","79","","0.0","","25","","30","","","","97.39","","","","-20","","NA"
"-75.67","62.18","SALLUIT","7117800","2020-11-12 08:00","2020","11","12","08:00","-10.6","","-13.3","","81","","0.0","","25","","33","","","","97.41","","","","-21","","NA"
"-75.67","62.18","SALLUIT","7117800","2020-11-12 09:00","2020","11","12","09:00","-11.0","","-13.9","","79","","0.0","","25","","42","","","","97.45","","","","-22","","NA"
"-75.67","62.18","SALLUIT","7117800","2020-11-12 10:00","2020","11","12","10:00","-10.5","","-13.5","","79","","0.0","","25","","27","","","","97.47","","","","-20","","NA"
"-75.67","62.18","SALLUIT","7117800","2020-11-12 11:00","2020","11","12","11:00","-9.6","","-13.2","","75","","0.0","","24","","40","","","","97.46","","","","-20","","NA"
"-75.67","62.18","SALLUIT","7117800","2020-11-12 12:00","2020","11","12","12:00","-9.6","","-13.0","","76","","0.0","","23","","33","","","","97.47","","","","-19","","NA"
"-75.67","62.18","SALLUIT","7117800","2020-11-12 13:00","2020","11","12","13:00","-9.6","","-12.5","","79","","0.0","","23","","34","","","","97.49","","","","-20","","NA"
"-75.67","62.18","SALLUIT","7117800","2020-11-12 14:00","2020","11","12","14:00","-9.5","","-12.4","","79","","0.0","","23","","30","","","","97.54","","","","-19","","NA"
"-75.67","62.18","SALLUIT","7117800","2020-11-12 15:00","2020","11","12","15:00","-9.5","","-12.3","","80","","0.0","","23","","26","","","","97.58","","","","-18","","NA"
"-75.67","62.18","SALLUIT","7117800","2020-11-12 16:00","2020","11","12","16:00"
"-75.67","62.18","SALLUIT","7117800","2020-11-12 17:00","2020","11","12","17:00","-9.6","","-14.1","","69","","0.0","","22","","18","","","","97.67","","","","-17","","NA"
"-75.67","62.18","SALLUIT","7117800","2020-11-12 18:00","2020","11","12","18:00","-9.4","","-13.6","","71","","0.0","","23","","25","","","","97.70","","","","-18","","NA"
"-75.67","62.18","SALLUIT","7117800","2020-11-12 19:00","2020","11","12","19:00"
"-75.67","62.18","SALLUIT","7117800","2020-11-12 20:00","2020","11","12","20:00","-9.3","","-13.0","","74","","0.0","","23","","34","","","","97.66","","","","-19","","NA"
"-75.67","62.18","SALLUIT","7117800","2020-11-12 21:00","2020","11","12","21:00","-9.8","","-12.9","","78","","0.0","","24","","30","","","","97.70","","","","-19","","NA"
"-75.67","62.18","SALLUIT","7117800","2020-11-12 22:00","2020","11","12","22:00","-9.4","","-12.1","","81","","0.0","","24","","32","","","","97.71","","","","-19","","NA"
"-75.67","62.18","SALLUIT","7117800","2020-11-12 23:00","2020","11","12","23:00","-9.3","","-11.8","","82","","0.0","","23","","28","","","","97.73","","","","-18","","NA"
"-75.67","62.18","SALLUIT","7117800","2020-11-13 00:00","2020","11","13","00:00","-9.6","","-11.6","","85","","0.0","","22","","23","","","","97.77","","","","-18","","NA"
"-75.67","62.18","SALLUIT","7117800","2020-11-13 01:00","2020","11","13","01:00","-9.4","","-11.3","","86","","0.0","","23","","18","","","","97.79","","","","-17","","NA"
"-75.67","62.18","SALLUIT","7117800","2020-11-13 02:00","2020","11","13","02:00","-9.0","","-11.1","","85","","0.0","","24","","23","","","","97.83","","","","-17","","NA"
"-75.67","62.18","SALLUIT","7117800","2020-11-13 03:00","2020","11","13","03:00","-9.1","","-11.4","","84","","0.0","","25","","14","","","","97.86","","","","-15","","NA"
"-75.67","62.18","SALLUIT","7117800","2020-11-13 04:00","2020","11","13","04:00","-8.9","","-11.5","","82","","0.0","","24","","17","","","","97.92","","","","-16","","NA"
"-75.67","62.18","SALLUIT","7117800","2020-11-13 05:00","2020","11","13","05:00","-9.1","","-11.8","","81","","0.0","","25","","14","","","","97.96","","","","-15","","NA"
"-75.67","62.18","SALLUIT","7117800","2020-11-13 06:00","2020","11","13","06:00","-9.2","","-11.6","","83","","0.0","","24","","16","","","","98.01","","","","-16","","NA"
"-75.67","62.18","SALLUIT","7117800","2020-11-13 07:00","2020","11","13","07:00","-9.5","","-11.3","","86","","0.0","","20","","23","","","","98.04","","","","-18","","NA"
"-75.67","62.18","SALLUIT","7117800","2020-11-13 08:00","2020","11","13","08:00","-9.3","","-11.1","","87","","0.0","","21","","23","","","","98.06","","","","-18","","NA"
"-75.67","62.18","SALLUIT","7117800","2020-11-13 09:00","2020","11","13","09:00","-9.2","","-11.3","","85","","0.0","","19","","19","","","","98.06","","","","-17","","NA"
"-75.67","62.18","SALLUIT","7117800","2020-11-13 10:00","2020","11","13","10:00","-8.9","","-11.0","","85","","0.0","","19","","21","","","","98.05","","","","-17","","NA"
"-75.67","62.18","SALLUIT","7117800","2020-11-13 11:00","2020","11","13","11:00","-9.0","","-11.0","","85","","0.0","","19","","26","","","","98.03","","","","-18","","NA"
"-75.67","62.18","SALLUIT","7117800","2020-11-13 12:00","2020","11","13","12:00","-8.8","","-10.5","","87","","0.0","","20","","34","","","","98.03","","","","-18","","NA"
"-75.67","62.18","SALLUIT","7117800","2020-11-13 13:00","2020","11","13","13:00","-8.8","","-10.3","","89","","0.0","","19","","36","","","","98.01","","","","-19","","NA"
"-75.67","62.18","SALLUIT","7117800","2020-11-13 14:00","2020","11","13","14:00","-8.7","","-10.2","","89","","0.0","","19","","36","","","","98.02","","","","-19","","NA"
"-75.67","62.18","SALLUIT","7117800","2020-11-13 15:00","2020","11","13","15:00","-8.6","","-10.6","","85","","0.0","","20","","33","","","","98.06","","","","-18","","NA"
"-75.67","62.18","SALLUIT","7117800","2020-11-13 16:00","2020","11","13","16:00","-8.7","","-10.4","","88","","0.0","","19","","29","","","","98.08","","","","-18","","NA"
"-75.67","62.18","SALLUIT","7117800","2020-11-13 17:00","2020","11","13","17:00","-8.7","","-10.5","","87","","0.0","","20","","33","","","","98.06","","","","-18","","NA"
"-75.67","62.18","SALLUIT","7117800","2020-11-13 18:00","2020","11","13","18:00","-9.0","","-11.5","","82","","0.0","","19","","36","","","","98.04","","","","-19","","NA"
"-75.67","62.18","SALLUIT","7117800","2020-11-13 19:00","2020","11","13","19:00","-9.6","","-12.0","","82","","0.0","","19","","41","","","","98.03","","","","-20","","NA"
"-75.67","62.18","SALLUIT","7117800","2020-11-13 20:00","2020","11","13","20:00","-9.7","","-11.8","","85","","0.0","","19","","39","","","","98.03","","","","-20","","NA"
"-75.67","62.18","SALLUIT","7117800","2020-11-13 21:00","2020","11","13","21:00","-9.9","","-12.2","","83","","0.0","","20","","51","","","","97.98","","","","-22","","NA"
"-75.67","62.18","SALLUIT","7117800","2020-11-13 22:00","2020","11","13","22:00","-10.6","","-13.5","","79","","0.0","","19","","48","","","","97.99","","","","-22","","NA"
"-75.67","62.18","SALLUIT","7117800","2020-11-13 23:00","2020","11","13","23:00","-10.9","","-14.0","","78","","0.0","","19","","46","","","","97.96","","","","-23","","NA"
"-75.67","62.18","SALLUIT","7117800","2020-11-14 00:00","2020","11","14","00:00","-11.0","","-14.2","","77","","0.0","","19","","45","","","","97.99","","","","-23","","NA"
"-75.67","62.18","SALLUIT","7117800","2020-11-14 01:00","2020","11","14","01:00","-10.9","","-14.3","","76","","0.0","","18","","57","","","","97.92","","","","-24","","NA"
"-75.67","62.18","SALLUIT","7117800","2020-11-14 02:00","2020","11","14","02:00","-12.1","","-15.3","","77","","0.0","","17","","49","","","","97.95","","","","-25","","NA"
"-75.67","62.18","SALLUIT","7117800","2020-11-14 03:00","2020","11","14","03:00"
"-75.67","62.18","SALLUIT","7117800","2020-11-14 04:00","2020","11","14","04:00","-12.0","","-15.1","","78","","0.0","","17","","55","","","","97.87","","","","-25","","NA"
"-75.67","62.18","SALLUIT","7117800","2020-11-14 05:00","2020","11","14","05:00","-11.9","","-15.3","","76","","0.0","","17","","60","","","","97.83","","","","-25","","NA"
"-75.67","62.18","SALLUIT","7117800","2020-11-14 06:00","2020","11","14","06:00","-12.1","","-15.0","","79","","0.0","","17","","64","","","","97.79","","","","-26","","NA"
"-75.67","62.18","SALLUIT","7117800","2020-11-14 07:00","2020","11","14","07:00","-12.9","","-15.6","","80","","0.0","","16","","54","","","","97.82","","","","-26","","NA"
"-75.67","62.18","SALLUIT","7117800","2020-11-14 08:00","2020","11","14","08:00","-12.9","","-15.6","","80","","0.0","","17","","52","","","","97.84","","","","-26","","NA"
"-75.67","62.18","SALLUIT","7117800","2020-11-14 09:00","2020","11","14","09:00","-12.6","","-15.4","","79","","0.0","","17","","53","","","","97.79","","","","-26","","NA"
"-75.67","62.18","SALLUIT","7117800","2020-11-14 10:00","2020","11","14","10:00","-12.6","","-15.4","","80","","0.0","","17","","49","","","","97.82","","","","-25","","NA"
"-75.67","62.18","SALLUIT","7117800","2020-11-14 11:00","2020","11","14","11:00","-11.0","","-13.5","","82","","0.0","","18","","48","","","","97.81","","","","-23","","NA"
"-75.67","62.18","SALLUIT","7117800","2020-11-14 12:00","2020","11","14","12:00","-10.3","","-12.6","","84","","0.0","","19","","49","","","","97.83","","","","-22","","NA"
"-75.67","62.18","SALLUIT","7117800","2020-11-14 13:00","2020","11","14","13:00"
"-75.67","62.18","SALLUIT","7117800","2020-11-14 14:00","2020","11","14","14:00","-9.7","","-12.7","","79","","0.0","","18","","53","","","","97.80","","","","-22","","NA"
"-75.67","62.18","SALLUIT","7117800","2020-11-14 15:00","2020","11","14","15:00","-9.8","","-12.3","","82","","0.0","","17","","52","","","","97.85","","","","-22","","NA"
"-75.67","62.18","SALLUIT","7117800","2020-11-14 16:00","2020","11","14","16:00","-9.8","","-12.0","","84","","0.0","","17","","57","","","","97.82","","","","-22","","NA"
"-75.67","62.18","SALLUIT","7117800","2020-11-14 17:00","2020","11","14","17:00","-9.0","","-11.2","","85","","0.0","","18","","52","","","","97.83","","","","-21","","NA"
"-75.67","62.18","SALLUIT","7117800","2020-11-14 18:00","2020","11","14","18:00","-8.2","","-10.2","","86","","0.0","","19","","56","","","","97.88","","","","-20","","NA"
"-75.67","62.18","SALLUIT","7117800","2020-11-14 19:00","2020","11","14","19:00","-8.3","","-10.5","","84","","0.0","","18","","49","","","","97.92","","","","-19","","NA"
"-75.67","62.18","SALLUIT","7117800","2020-11-14 20:00","2020","11","14","20:00","-7.9","","-9.6","","88","","0.0","","19","","47","","","","97.93","","","","-19","","NA"
"-75.67","62.18","SALLUIT","7117800","2020-11-14 21:00","2020","11","14","21:00","-7.5","","-9.2","","87","","0.0","","20","","58","","","","97.91","","","","-19","","NA"
"-75.67","62.18","SALLUIT","7117800","2020-11-14 22:00","2020","11","14","22:00","-7.3","","-8.9","","88","","0.0","","20","","52","","","","97.90","","","","-18","","NA"
"-75.67","62.18","SALLUIT","7117800","2020-11-14 23:00","2020","11","14","23:00","-6.9","","-8.9","","85","","0.0","","19","","53","","","","97.92","","","","-18","","NA"
"-75.67","62.18","SALLUIT","7117800","2020-11-15 00:00","2020","11","15","00:00","-6.7","","-8.6","","87","","0.0","","19","","53","","","","97.93","","","","-18","","NA"
"-75.67","62.18","SALLUIT","7117800","2020-11-15 01:00","2020","11","15","01:00","-6.5","","-8.5","","86","","0.0","","18","","49","","","","97.91","","","","-17","","NA"
"-75.67","62.18","SALLUIT","7117800","2020-11-15 02:00","2020","11","15","02:00","-6.3","","-8.8","","83","","0.0","","19","","51","","","","97.89","","","","-17","","NA"
"-75.67","62.18","SALLUIT","7117800","2020-11-15 03:00","2020","11","15","03:00","-6.1","","-8.4","","83","","0.0","","19","","55","","","","97.86","","","","-17","","NA"
"-75.67","62.18","SALLUIT","7117800","2020-11-15 04:00","2020","11","15","04:00","-6.1","","-8.5","","84","","0.0","","19","","49","","","","97.84","","","","-16","","NA"
"-75.67","62.18","SALLUIT","7117800","2020-11-15 05:00","2020","11","15","05:00","-6.1","","-8.2","","85","","0.0","","18","","50","","","","97.82","","","","-16","","NA"
"-75.67","62.18","SALLUIT","7117800","2020-11-15 06:00","2020","11","15","06:00","-5.8","","-8.0","","85","","0.0","","19","","52","","","","97.78","","","","-16","","NA"
"-75.67","62.18","SALLUIT","7117800","2020-11-15 07:00","2020","11","15","07:00","-5.8","","-7.7","","86","","0.0","","18","","54","","","","97.75","","","","-16","","NA"
"-75.67","62.18","SALLUIT","7117800","2020-11-15 08:00","2020","11","15","08:00","-5.8","","-7.6","","87","","0.0","","18","","59","","","","97.69","","","","-17","","NA"
"-75.67","62.18","SALLUIT","7117800","2020-11-15 09:00","2020","11","15","09:00","-6.1","","-8.0","","87","","0.0","","18","","59","","","","97.63","","","","-17","","NA"
"-75.67","62.18","SALLUIT","7117800","2020-11-15 10:00","2020","11","15","10:00","-6.4","","-8.6","","84","","0.0","","18","","60","","","","97.58","","","","-18","","NA"
"-75.67","62.18","SALLUIT","7117800","2020-11-15 11:00","2020","11","15","11:00","-6.6","","-8.8","","84","","0.0","","18","","60","","","","97.56","","","","-18","","NA"
"-75.67","62.18","SALLUIT","7117800","2020-11-15 12:00","2020","11","15","12:00","-6.6","","-9.0","","83","","0.0","","18","","73","","","","97.33","","","","-19","","NA"
"-75.67","62.18","SALLUIT","7117800","2020-11-15 13:00","2020","11","15","13:00","-7.6","","-9.8","","84","","0.0","","16","","72","","","","97.28","","","","-20","","NA"
"-75.67","62.18","SALLUIT","7117800","2020-11-15 14:00","2020","11","15","14:00","-8.2","","-10.3","","85","","0.0","","17","","66","","","","97.29","","","","-21","","NA"
"-75.67","62.18","SALLUIT","7117800","2020-11-15 15:00","2020","11","15","15:00","-8.0","","-10.6","","82","","0.0","","17","","65","","","","97.22","","","","-20","","NA"
"-75.67","62.18","SALLUIT","7117800","2020-11-15 16:00","2020","11","15","16:00","-7.9","","-10.3","","83","","0.0","","17","","63","","","","97.22","","","","-20","","NA"
"-75.67","62.18","SALLUIT","7117800","2020-11-15 17:00","2020","11","15","17:00","-7.3","","-10.3","","79","","0.0","","16","","66","","","","97.13","","","","-19","","NA"
"-75.67","62.18","SALLUIT","7117800","2020-11-15 18:00","2020","11","15","18:00","-7.0","","-9.0","","85","","0.0","","16","","61","","","","97.12","","","","-19","","NA"
"-75.67","62.18","SALLUIT","7117800","2020-11-15 19:00","2020","11","15","19:00","-6.3","","-8.4","","85","","0.0","","16","","58","","","","97.04","","","","-17","","NA"
"-75.67","62.18","SALLUIT","7117800","2020-11-15 20:00","2020","11","15","20:00","-5.9","","-8.0","","85","","0.0","","16","","66","","","","96.90","","","","-17","","NA"
"-75.67","62.18","SALLUIT","7117800","2020-11-15 21:00","2020","11","15","21:00","-6.3","","-8.0","","88","","0.0","","17","","52","","","","96.92","","","","-17","","NA"
"-75.67","62.18","SALLUIT","7117800","2020-11-15 22:00","2020","11","15","22:00","-6.4","","-8.0","","88","","0.0","","16","","66","","","","96.74","","","","-18","","NA"
"-75.67","62.18","SALLUIT","7117800","2020-11-15 23:00","2020","11","15","23:00","-6.7","","-8.6","","86","","0.0","","15","","60","","","","96.73","","","","-18","","NA"
"-75.67","62.18","SALLUIT","7117800","2020-11-16 00:00","2020","11","16","00:00","-6.5","","-8.5","","86","","0.0","","17","","57","","","","96.68","","","","-18","","NA"
"-75.67","62.18","SALLUIT","7117800","2020-11-16 01:00","2020","11","16","01:00","-5.4","","-7.5","","85","","0.0","","16","","50","","","","96.62","","","","-16","","NA"
"-75.67","62.18","SALLUIT","7117800","2020-11-16 02:00","2020","11","16","02:00","-4.9","","-7.2","","84","","0.0","","15","","50","","","","96.57","","","","-15","","NA"
"-75.67","62.18","SALLUIT","7117800","2020-11-16 03:00","2020","11","16","03:00","-4.2","","-10.1","","64","","0.0","","15","","51","","","","96.43","","","","-14","","NA"
"-75.67","62.18","SALLUIT","7117800","2020-11-16 04:00","2020","11","16","04:00","-5.3","","-10.6","","66","","0.0","","23","","14","","","","96.43","","","","-11","","NA"
"-75.67","62.18","SALLUIT","7117800","2020-11-16 05:00","2020","11","16","05:00"
"-75.67","62.18","SALLUIT","7117800","2020-11-16 06:00","2020","11","16","06:00","-3.8","","-9.7","","64","","0.0","","23","","10","","","","96.30","","","","-8","","NA"
"-75.67","62.18","SALLUIT","7117800","2020-11-16 07:00","2020","11","16","07:00","-3.6","","-11.0","","57","","0.0","","3","","6","","","","96.20","","","","-6","","NA"
"-75.67","62.18","SALLUIT","7117800","2020-11-16 08:00","2020","11","16","08:00","-4.9","","-10.1","","67","","0.0","","22","","8","","","","96.17","","","","-8","","NA"
"-75.67","62.18","SALLUIT","7117800","2020-11-16 09:00","2020","11","16","09:00","-5.6","","-8.9","","77","","0.0","","13","","34","","","","96.03","","","","-14","","NA"
"-75.67","62.18","SALLUIT","7117800","2020-11-16 10:00","2020","11","16","10:00","-6.0","","-7.2","","91","","0.0","","4","","9","","","","95.97","","","","-10","","NA"
"-75.67","62.18","SALLUIT","7117800","2020-11-16 11:00","2020","11","16","11:00","-6.0","","-6.8","","94","","0.4","","3","","18","","","","95.83","","","","-12","","NA"
"-75.67","62.18","SALLUIT","7117800","2020-11-16 12:00","2020","11","16","12:00","-5.7","","-6.4","","95","","0.7","","4","","23","","","","95.69","","","","-13","","NA"
"-75.67","62.18","SALLUIT","7117800","2020-11-16 13:00","2020","11","16","13:00","-5.1","","-5.8","","95","","0.2","","5","","22","","","","95.58","","","","-12","","NA"
"-75.67","62.18","SALLUIT","7117800","2020-11-16 14:00","2020","11","16","14:00","-5.0","","-5.6","","95","","0.2","","5","","17","","","","95.49","","","","-11","","NA"
"-75.67","62.18","SALLUIT","7117800","2020-11-16 15:00","2020","11","16","15:00","-5.0","","-5.7","","95","","0.0","","6","","13","","","","95.44","","","","-10","","NA"
"-75.67","62.18","SALLUIT","7117800","2020-11-16 16:00","2020","11","16","16:00","-5.0","","-6.0","","93","","0.2","","5","","7","","","","95.38","","","","-8","","NA"
"-75.67","62.18","SALLUIT","7117800","2020-11-16 17:00","2020","11","16","17:00","-4.8","","-6.6","","88","","0.0","","12","","10","","","","95.35","","","","-9","","NA"
"-75.67","62.18","SALLUIT","7117800","2020-11-16 18:00","2020","11","16","18:00","-4.9","","-6.5","","89","","0.0","","1","","2","","","","95.30","","","","-6","","NA"
"-75.67","62.18","SALLUIT","7117800","2020-11-16 19:00","2020","11","16","19:00","-4.4","","-6.5","","85","","0.0","","8","","3","","","","95.25","","","","-6","","NA"
"-75.67","62.18","SALLUIT","7117800","2020-11-16 20:00","2020","11","16","20:00","-4.7","","-6.1","","90","","0.0","","36","","2","","","","95.20","","","","-6","","NA"
"-75.67","62.18","SALLUIT","7117800","2020-11-16 21:00","2020","11","16","21:00","-4.8","","-6.0","","91","","0.0","","1","","3","","","","95.17","","","","-6","","NA"
"-75.67","62.18","SALLUIT","7117800","2020-11-16 22:00","2020","11","16","22:00","-4.8","","-5.4","","96","","0.8","","34","","4","","","","95.13","","","","-7","","NA"
"-75.67","62.18","SALLUIT","7117800","2020-11-16 23:00","2020","11","16","23:00","-5.3","","-5.7","","97","","0.6","","22","","2","","","","95.07","","","","-6","","NA"
"-75.67","62.18","SALLUIT","7117800","2020-11-17 00:00","2020","11","17","00:00","-4.8","","-5.2","","97","","0.5","","31","","5","","","","95.06","","","","-7","","NA"
"-75.67","62.18","SALLUIT","7117800","2020-11-17 01:00","2020","11","17","01:00","-4.7","","-5.1","","97","","0.3","","2","","2","","","","95.05","","","","-6","","NA"
"-75.67","62.18","SALLUIT","7117800","2020-11-17 02:00","2020","11","17","02:00","-5.0","","-5.5","","96","","0.3","","0","","1","","","","95.04","","","","-5","","NA"
"-75.67","62.18","SALLUIT","7117800","2020-11-17 03:00","2020","11","17","03:00","-4.8","","-5.3","","96","","0.6","","30","","1","","","","95.03","","","","-5","","NA"
"-75.67","62.18","SALLUIT","7117800","2020-11-17 04:00","2020","11","17","04:00","-3.6","","-4.0","","97","","0.7","","35","","9","","","","95.02","","","","-7","","NA"
"-75.67","62.18","SALLUIT","7117800","2020-11-17 05:00","2020","11","17","05:00","-3.4","","-3.7","","98","","0.6","","2","","12","","","","95.02","","","","-8","","NA"
"-75.67","62.18","SALLUIT","7117800","2020-11-17 06:00","2020","11","17","06:00","-2.8","","-3.1","","98","","0.6","","2","","19","","","","95.04","","","","-9","","NA"
"-75.67","62.18","SALLUIT","7117800","2020-11-17 07:00","2020","11","17","07:00","-2.6","","-2.9","","98","","0.6","","36","","24","","","","95.07","","","","-9","","NA"
"-75.67","62.18","SALLUIT","7117800","2020-11-17 08:00","2020","11","17","08:00","-2.5","","-2.8","","98","","0.5","","35","","30","","","","95.09","","","","-10","","NA"
"-75.67","62.18","SALLUIT","7117800","2020-11-17 09:00","2020","11","17","09:00","-2.8","","-3.1","","98","","0.3","","34","","38","","","","95.12","","","","-11","","NA"
"-75.67","62.18","SALLUIT","7117800","2020-11-17 10:00","2020","11","17","10:00","-3.0","","-3.4","","97","","0.2","","34","","40","","","","95.15","","","","-11","","NA"
"-75.67","62.18","SALLUIT","7117800","2020-11-17 11:00","2020","11","17","11:00","-3.4","","-3.8","","97","","0.5","","33","","35","","","","95.20","","","","-11","","NA"
"-75.67","62.18","SALLUIT","7117800","2020-11-17 12:00","2020","11","17","12:00","-3.9","","-4.4","","96","","0.3","","32","","49","","","","95.24","","","","-13","","NA"
"-75.67","62.18","SALLUIT","7117800","2020-11-17 13:00","2020","11","17","13:00","-4.3","","-4.8","","96","","0.2","","32","","47","","","","95.31","","","","-14","","NA"
"-75.67","62.18","SALLUIT","7117800","2020-11-17 14:00","2020","11","17","14:00","-4.7","","-5.2","","96","","0.0","","32","","52","","","","95.38","","","","-15","","NA"
"-75.67","62.18","SALLUIT","7117800","2020-11-17 15:00","2020","11","17","15:00","-5.0","","-5.7","","95","","0.2","","32","","45","","","","95.50","","","","-15","","NA"
"-75.67","62.18","SALLUIT","7117800","2020-11-17 16:00","2020","11","17","16:00","-5.2","","-5.8","","95","","0.0","","33","","33","","","","95.65","","","","-14","","NA"
"-75.67","62.18","SALLUIT","7117800","2020-11-17 17:00","2020","11","17","17:00","-5.5","","-6.2","","95","","0.2","","33","","34","","","","95.76","","","","-14","","NA"
"-75.67","62.18","SALLUIT","7117800","2020-11-17 18:00","2020","11","17","18:00","-5.4","","-6.1","","95","","0.0","","34","","27","","","","95.84","","","","-13","","NA"
"-75.67","62.18","SALLUIT","7117800","2020-11-17 19:00","2020","11","17","19:00","-5.4","","-6.1","","95","","0.3","","32","","43","","","","95.91","","","","-15","","NA"
"-75.67","62.18","SALLUIT","7117800","2020-11-17 20:00","2020","11","17","20:00","-5.7","","-6.4","","95","","0.0","","32","","43","","","","96.00","","","","-15","","NA"
"-75.67","62.18","SALLUIT","7117800","2020-11-17 21:00","2020","11","17","21:00","-6.2","","-7.1","","94","","0.0","","31","","41","","","","96.05","","","","-16","","NA"
"-75.67","62.18","SALLUIT","7117800","2020-11-17 22:00","2020","11","17","22:00","-6.5","","-7.5","","93","","0.0","","31","","41","","","","96.12","","","","-16","","NA"
"-75.67","62.18","SALLUIT","7117800","2020-11-17 23:00","2020","11","17","23:00","-6.7","","-7.6","","93","","0.0","","30","","37","","","","96.22","","","","-16","","NA"
"-75.67","62.18","SALLUIT","7117800","2020-11-18 00:00","2020","11","18","00:00","-6.9","","-7.8","","93","","0.0","","31","","41","","","","96.30","","","","-17","","NA"
"-75.67","62.18","SALLUIT","7117800","2020-11-18 01:00","2020","11","18","01:00","-7.1","","-8.0","","93","","0.0","","30","","39","","","","96.39","","","","-17","","NA"
"-75.67","62.18","SALLUIT","7117800","2020-11-18 02:00","2020","11","18","02:00"
"-75.67","62.18","SALLUIT","7117800","2020-11-18 03:00","2020","11","18","03:00","-7.6","","-9.0","","90","","0.0","","30","","42","","","","96.60","","","","-18","","NA"
"-75.67","62.18","SALLUIT","7117800","2020-11-18 04:00","2020","11","18","04:00","-8.0","","-9.8","","87","","0.0","","31","","43","","","","96.72","","","","-18","","NA"
"-75.67","62.18","SALLUIT","7117800","2020-11-18 05:00","2020","11","18","05:00","-7.8","","-9.2","","90","","0.0","","32","","38","","","","96.81","","","","-18","","NA"
"-75.67","62.18","SALLUIT","7117800","2020-11-18 06:00","2020","11","18","06:00","-8.1","","-9.5","","89","","0.0","","29","","34","","","","96.86","","","","-18","","NA"
"-75.67","62.18","SALLUIT","7117800","2020-11-18 07:00","2020","11","18","07:00","-8.2","","-10.8","","82","","0.0","","29","","38","","","","96.94","","","","-18","","NA"
"-75.67","62.18","SALLUIT","7117800","2020-11-18 08:00","2020","11","18","08:00","-8.0","","-10.5","","82","","0.0","","31","","29","","","","97.02","","","","-17","","NA"
"-75.67","62.18","SALLUIT","7117800","2020-11-18 09:00","2020","11","18","09:00","-8.0","","-11.0","","79","","0.0","","30","","35","","","","97.05","","","","-18","","NA"
"-75.67","62.18","SALLUIT","7117800","2020-11-18 10:00","2020","11","18","10:00","-7.9","","-10.6","","81","","0.0","","30","","31","","","","97.11","","","","-17","","NA"
"-75.67","62.18","SALLUIT","7117800","2020-11-18 11:00","2020","11","18","11:00","-8.0","","-10.7","","81","","0.0","","29","","28","","","","97.17","","","","-17","","NA"
"-75.67","62.18","SALLUIT","7117800","2020-11-18 12:00","2020","11","18","12:00","-7.9","","-11.6","","75","","0.0","","30","","32","","","","97.24","","","","-17","","NA"
"-75.67","62.18","SALLUIT","7117800","2020-11-18 13:00","2020","11","18","13:00","-7.9","","-11.2","","77","","0.0","","30","","35","","","","97.30","","","","-17","","NA"
"-75.67","62.18","SALLUIT","7117800","2020-11-18 14:00","2020","11","18","14:00","-8.7","","-10.1","","90","","0.0","","28","","26","","","","97.39","","","","-17","","NA"
"-75.67","62.18","SALLUIT","7117800","2020-11-18 15:00","2020","11","18","15:00","-9.4","","-10.6","","91","","0.0","","26","","31","","","","97.45","","","","-19","","NA"
"-75.67","62.18","SALLUIT","7117800","2020-11-18 16:00","2020","11","18","16:00","-9.4","","-10.5","","92","","0.0","","28","","32","","","","97.52","","","","-19","","NA"
"-75.67","62.18","SALLUIT","7117800","2020-11-18 17:00","2020","11","18","17:00","-9.5","","-10.7","","91","","0.0","","27","","30","","","","97.58","","","","-19","","NA"
"-75.67","62.18","SALLUIT","7117800","2020-11-18 18:00","2020","11","18","18:00","-9.6","","-10.8","","91","","0.0","","27","","30","","","","97.66","","","","-19","","NA"
"-75.67","62.18","SALLUIT","7117800","2020-11-18 19:00","2020","11","18","19:00"
"-75.67","62.18","SALLUIT","7117800","2020-11-18 20:00","2020","11","18","20:00","-9.8","","-11.0","","91","","0.0","","27","","38","","","","97.70","","","","-20","","NA"
"-75.67","62.18","SALLUIT","7117800","2020-11-18 21:00","2020","11","18","21:00","-10.0","","-11.6","","88","","0.2","","27","","37","","","","97.77","","","","-20","","NA"
"-75.67","62.18","SALLUIT","7117800","2020-11-18 22:00","2020","11","18","22:00"
"-75.67","62.18","SALLUIT","7117800","2020-11-18 23:00","2020","11","18","23:00","-10.5","","-13.0","","82","","0.0","","26","","32","","","","97.85","","","","-20","","NA"
"-75.67","62.18","SALLUIT","7117800","2020-11-19 00:00","2020","11","19","00:00","-10.2","","-12.9","","80","","0.0","","28","","39","","","","97.90","","","","-21","","NA"
"-75.67","62.18","SALLUIT","7117800","2020-11-19 01:00","2020","11","19","01:00","-10.3","","-13.3","","79","","0.0","","27","","29","","","","97.96","","","","-20","","NA"
"-75.67","62.18","SALLUIT","7117800","2020-11-19 02:00","2020","11","19","02:00","-12.2","","-14.9","","81","","0.0","","26","","24","","","","98.00","","","","-21","","NA"
"-75.67","62.18","SALLUIT","7117800","2020-11-19 03:00","2020","11","19","03:00","-11.7","","-14.3","","81","","0.0","","26","","26","","","","98.02","","","","-21","","NA"
"-75.67","62.18","SALLUIT","7117800","2020-11-19 04:00","2020","11","19","04:00","-11.7","","-13.5","","87","","0.0","","25","","16","","","","98.07","","","","-19","","NA"
"-75.67","62.18","SALLUIT","7117800","2020-11-19 05:00","2020","11","19","05:00","-10.9","","-12.9","","85","","0.0","","25","","22","","","","98.09","","","","-19","","NA"
"-75.67","62.18","SALLUIT","7117800","2020-11-19 06:00","2020","11","19","06:00","-10.2","","-12.9","","81","","0.0","","23","","25","","","","98.11","","","","-19","","NA"
"-75.67","62.18","SALLUIT","7117800","2020-11-19 07:00","2020","11","19","07:00","-10.8","","-12.8","","85","","0.0","","23","","27","","","","98.11","","","","-20","","NA"
"-75.67","62.18","SALLUIT","7117800","2020-11-19 08:00","2020","11","19","08:00","-11.2","","-13.1","","86","","0.0","","25","","18","","","","98.13","","","","-19","","NA"
"-75.67","62.18","SALLUIT","7117800","2020-11-19 09:00","2020","11","19","09:00","-11.3","","-13.7","","82","","0.0","","24","","16","","","","98.13","","","","-19","","NA"
"-75.67","62.18","SALLUIT","7117800","2020-11-19 10:00","2020","11","19","10:00","-11.1","","-14.4","","76","","0.0","","26","","12","","","","98.11","","","","-17","","NA"
"-75.67","62.18","SALLUIT","7117800","2020-11-19 11:00","2020","11","19","11:00","-11.9","","-15.2","","77","","0.0","","22","","8","","","","98.09","","","","-17","","NA"
"-75.67","62.18","SALLUIT","7117800","2020-11-19 12:00","2020","11","19","12:00","-12.9","","-15.4","","82","","0.0","","19","","24","","","","98.11","","","","-22","","NA"
"-75.67","62.18","SALLUIT","7117800","2020-11-19 13:00","2020","11","19","13:00","-12.1","","-14.5","","82","","0.0","","19","","21","","","","98.10","","","","-21","","NA"
"-75.67","62.18","SALLUIT","7117800","2020-11-19 14:00","2020","11","19","14:00","-11.1","","-13.8","","81","","0.0","","17","","24","","","","98.08","","","","-20","","NA"
"-75.67","62.18","SALLUIT","7117800","2020-11-19 15:00","2020","11","19","15:00","-11.4","","-13.8","","82","","0.0","","18","","23","","","","98.08","","","","-20","","NA"
"-75.67","62.18","SALLUIT","7117800","2020-11-19 16:00","2020","11","19","16:00","-11.1","","-13.5","","83","","0.0","","23","","10","","","","98.09","","","","-17","","NA"
"-75.67","62.18","SALLUIT","7117800","2020-11-19 17:00","2020","11","19","17:00","-10.6","","-12.9","","83","","0.0","","17","","21","","","","98.04","","","","-19","","NA"
"-75.67","62.18","SALLUIT","7117800","2020-11-19 18:00","2020","11","19","18:00","-10.7","","-13.0","","83","","0.0","","20","","13","","","","98.04","","","","-17","","NA"
"-75.67","62.18","SALLUIT","7117800","2020-11-19 19:00","2020","11","19","19:00"
"-75.67","62.18","SALLUIT","7117800","2020-11-19 20:00","2020","11","19","20:00","-9.6","","-11.8","","84","","0.0","","27","","10","","","","97.98","","","","-15","","NA"
"-75.67","62.18","SALLUIT","7117800","2020-11-19 21:00","2020","11","19","21:00","-9.6","","-11.8","","84","","0.0","","18","","23","","","","97.92","","","","-18","","NA"
"-75.67","62.18","SALLUIT","7117800","2020-11-19 22:00","2020","11","19","22:00","-9.6","","-11.8","","84","","0.0","","18","","29","","","","97.88","","","","-19","","NA"
"-75.67","62.18","SALLUIT","7117800","2020-11-19 23:00","2020","11","19","23:00"
"-75.67","62.18","SALLUIT","7117800","2020-11-20 00:00","2020","11","20","00:00","-9.8","","-12.1","","83","","0.0","","17","","33","","","","97.76","","","","-20","","NA"
"-75.67","62.18","SALLUIT","7117800","2020-11-20 01:00","2020","11","20","01:00","-9.9","","-12.2","","83","","0.0","","17","","28","","","","97.71","","","","-19","","NA"
"-75.67","62.18","SALLUIT","7117800","2020-11-20 02:00","2020","11","20","02:00","-9.9","","-12.4","","82","","0.0","","18","","32","","","","97.66","","","","-20","","NA"
"-75.67","62.18","SALLUIT","7117800","2020-11-20 03:00","2020","11","20","03:00","-10.0","","-12.0","","85","","0.0","","17","","34","","","","97.61","","","","-20","","NA"
"-75.67","62.18","SALLUIT","7117800","2020-11-20 04:00","2020","11","20","04:00","-10.1","","-12.2","","84","","0.0","","18","","27","","","","97.59","","","","-19","","NA"
"-75.67","62.18","SALLUIT","7117800","2020-11-20 05:00","2020","11","20","05:00","-10.0","","-12.7","","80","","0.0","","18","","26","","","","97.55","","","","-19","","NA"
"-75.67","62.18","SALLUIT","7117800","2020-11-20 06:00","2020","11","20","06:00","-9.8","","-12.3","","82","","0.0","","19","","25","","","","97.54","","","","-19","","NA"
"-75.67","62.18","SALLUIT","7117800","2020-11-20 07:00","2020","11","20","07:00","-9.9","","-12.3","","83","","0.0","","19","","25","","","","97.50","","","","-19","","NA"
"-75.67","62.18","SALLUIT","7117800","2020-11-20 08:00","2020","11","20","08:00","-10.3","","-12.5","","84","","0.0","","19","","22","","","","97.49","","","","-19","","NA"
"-75.67","62.18","SALLUIT","7117800","2020-11-20 09:00","2020","11","20","09:00"
"-75.67","62.18","SALLUIT","7117800","2020-11-20 10:00","2020","11","20","10:00","-10.9","","-12.7","","87","","0.0","","20","","23","","","","97.41","","","","-20","","NA"
"-75.67","62.18","SALLUIT","7117800","2020-11-20 11:00","2020","11","20","11:00","-10.9","","-12.6","","87","","0.0","","20","","24","","","","97.38","","","","-20","","NA"
"-75.67","62.18","SALLUIT","7117800","2020-11-20 12:00","2020","11","20","12:00","-10.7","","-12.3","","87","","0.0","","21","","30","","","","97.34","","","","-20","","NA"
"-75.67","62.18","SALLUIT","7117800","2020-11-20 13:00","2020","11","20","13:00","-10.6","","-12.5","","86","","0.0","","21","","31","","","","97.34","","","","-20","","NA"
"-75.67","62.18","SALLUIT","7117800","2020-11-20 14:00","2020","11","20","14:00","-11.4","","-13.7","","83","","0.0","","21","","30","","","","97.33","","","","-21","","NA"
"-75.67","62.18","SALLUIT","7117800","2020-11-20 15:00","2020","11","20","15:00","-10.8","","-13.6","","80","","0.0","","22","","36","","","","97.33","","","","-21","","NA"
"-75.67","62.18","SALLUIT","7117800","2020-11-20 16:00","2020","11","20","16:00"
"-75.67","62.18","SALLUIT","7117800","2020-11-20 17:00","2020","11","20","17:00","-11.1","","-13.4","","84","","0.0","","20","","31","","","","97.32","","","","-21","","NA"
"-75.67","62.18","SALLUIT","7117800","2020-11-20 18:00","2020","11","20","18:00","-11.2","","-13.6","","83","","0.0","","21","","24","","","","97.37","","","","-20","","NA"
"-75.67","62.18","SALLUIT","7117800","2020-11-20 19:00","2020","11","20","19:00","-10.8","","-12.7","","86","","0.0","","23","","22","","","","97.37","","","","-19","","NA"
"-75.67","62.18","SALLUIT","7117800","2020-11-20 20:00","2020","11","20","20:00","-11.0","","-13.0","","85","","0.0","","26","","28","","","","97.39","","","","-21","","NA"
"-75.67","62.18","SALLUIT","7117800","2020-11-20 21:00","2020","11","20","21:00","-11.7","","-14.0","","83","","0.0","","26","","37","","","","97.42","","","","-23","","NA"
"-75.67","62.18","SALLUIT","7117800","2020-11-20 22:00","2020","11","20","22:00","-12.4","","-15.2","","79","","0.0","","26","","31","","","","97.48","","","","-23","","NA"
"-75.67","62.18","SALLUIT","7117800","2020-11-20 23:00","2020","11","20","23:00","-13.0","","-15.1","","84","","0.0","","26","","40","","","","97.50","","","","-25","","NA"
"-75.67","62.18","SALLUIT","7117800","2020-11-21 00:00","2020","11","21","00:00","-14.0","","-16.4","","82","","0.0","","25","","33","","","","97.54","","","","-25","","NA"
"-75.67","62.18","SALLUIT","7117800","2020-11-21 01:00","2020","11","21","01:00","-13.9","","-16.4","","81","","0.0","","26","","36","","","","97.58","","","","-25","","NA"
"-75.67","62.18","SALLUIT","7117800","2020-11-21 02:00","2020","11","21","02:00","-14.0","","-16.7","","80","","0.0","","26","","32","","","","97.63","","","","-25","","NA"
"-75.67","62.18","SALLUIT","7117800","2020-11-21 03:00","2020","11","21","03:00","-15.3","","-18.1","","79","","0.0","","26","","30","","","","97.72","","","","-26","","NA"
"-75.67","62.18","SALLUIT","7117800","2020-11-21 04:00","2020","11","21","04:00","-16.9","","-19.5","","81","","0.0","","25","","14","","","","97.79","","","","-25","","NA"
"-75.67","62.18","SALLUIT","7117800","2020-11-21 05:00","2020","11","21","05:00","-16.5","","-20.1","","74","","0.0","","26","","32","","","","97.81","","","","-28","","NA"
"-75.67","62.18","SALLUIT","7117800","2020-11-21 06:00","2020","11","21","06:00","-17.5","","-20.5","","77","","0.0","","24","","22","","","","97.90","","","","-28","","NA"
"-75.67","62.18","SALLUIT","7117800","2020-11-21 07:00","2020","11","21","07:00","-17.1","","-19.7","","80","","0.0","","25","","15","","","","97.94","","","","-26","","NA"
"-75.67","62.18","SALLUIT","7117800","2020-11-21 08:00","2020","11","21","08:00","-17.7","","-20.0","","82","","0.0","","25","","20","","","","97.97","","","","-28","","NA"
"-75.67","62.18","SALLUIT","7117800","2020-11-21 09:00","2020","11","21","09:00","-16.7","","-19.1","","82","","0.0","","25","","24","","","","98.02","","","","-27","","NA"
"-75.67","62.18","SALLUIT","7117800","2020-11-21 10:00","2020","11","21","10:00","-16.0","","-18.3","","82","","0.0","","25","","27","","","","98.03","","","","-27","","NA"
"-75.67","62.18","SALLUIT","7117800","2020-11-21 11:00","2020","11","21","11:00","-15.4","","-18.1","","80","","0.0","","25","","31","","","","98.06","","","","-27","","NA"
"-75.67","62.18","SALLUIT","7117800","2020-11-21 12:00","2020","11","21","12:00","-14.8","","-17.5","","80","","0.0","","25","","40","","","","98.07","","","","-27","","NA"
"-75.67","62.18","SALLUIT","7117800","2020-11-21 13:00","2020","11","21","13:00","-14.8","","-17.8","","78","","0.0","","25","","40","","","","98.11","","","","-27","","NA"
"-75.67","62.18","SALLUIT","7117800","2020-11-21 14:00","2020","11","21","14:00","-15.2","","-18.2","","78","","0.0","","25","","42","","","","98.11","","","","-28","","NA"
"-75.67","62.18","SALLUIT","7117800","2020-11-21 15:00","2020","11","21","15:00","-14.3","","-17.0","","80","","0.0","","25","","30","","","","98.13","","","","-25","","NA"
"-75.67","62.18","SALLUIT","7117800","2020-11-21 16:00","2020","11","21","16:00","-14.3","","-17.0","","80","","0.0","","24","","25","","","","98.15","","","","-24","","NA"
"-75.67","62.18","SALLUIT","7117800","2020-11-21 17:00","2020","11","21","17:00","-14.4","","-17.1","","80","","0.0","","23","","25","","","","98.14","","","","-24","","NA"
"-75.67","62.18","SALLUIT","7117800","2020-11-21 18:00","2020","11","21","18:00","-15.0","","-17.2","","83","","0.0","","20","","32","","","","98.12","","","","-26","","NA"
"-75.67","62.18","SALLUIT","7117800","2020-11-21 19:00","2020","11","21","19:00","-15.2","","-17.4","","83","","0.0","","20","","31","","","","98.07","","","","-26","","NA"
"-75.67","62.18","SALLUIT","7117800","2020-11-21 20:00","2020","11","21","20:00","-14.7","","-17.3","","81","","0.0","","19","","28","","","","97.99","","","","-25","","NA"
"-75.67","62.18","SALLUIT","7117800","2020-11-21 21:00","2020","11","21","21:00","-14.1","","-16.9","","79","","0.0","","17","","38","","","","97.87","","","","-26","","NA"
"-75.67","62.18","SALLUIT","7117800","2020-11-21 22:00","2020","11","21","22:00","-13.5","","-15.9","","82","","0.0","","17","","37","","","","97.74","","","","-25","","NA"
"-75.67","62.18","SALLUIT","7117800","2020-11-21 23:00","2020","11","21","23:00","-11.6","","-13.8","","84","","0.0","","18","","49","","","","97.59","","","","-24","","NA"
"-75.67","62.18","SALLUIT","7117800","2020-11-22 00:00","2020","11","22","00:00","-10.7","","-12.3","","87","","0.0","","19","","57","","","","97.48","","","","-23","","NA"
"-75.67","62.18","SALLUIT","7117800","2020-11-22 01:00","2020","11","22","01:00","-9.6","","-11.0","","90","","0.0","","21","","49","","","","97.45","","","","-21","","NA"
"-75.67","62.18","SALLUIT","7117800","2020-11-22 02:00","2020","11","22","02:00","-9.1","","-10.7","","89","","0.0","","23","","40","","","","97.47","","","","-20","","NA"
"-75.67","62.18","SALLUIT","7117800","2020-11-22 03:00","2020","11","22","03:00","-9.5","","-11.9","","82","","0.0","","22","","37","","","","97.43","","","","-20","","NA"
"-75.67","62.18","SALLUIT","7117800","2020-11-22 04:00","2020","11","22","04:00","-10.1","","-11.6","","89","","0.0","","20","","34","","","","97.39","","","","-20","","NA"
"-75.67","62.18","SALLUIT","7117800","2020-11-22 05:00","2020","11","22","05:00","-10.0","","-11.7","","88","","0.0","","20","","29","","","","97.35","","","","-19","","NA"
"-75.67","62.18","SALLUIT","7117800","2020-11-22 06:00","2020","11","22","06:00","-9.8","","-11.4","","88","","0.0","","21","","26","","","","97.31","","","","-19","","NA"
"-75.67","62.18","SALLUIT","7117800","2020-11-22 07:00","2020","11","22","07:00","-9.8","","-11.4","","89","","0.0","","20","","34","","","","97.27","","","","-20","","NA"
"-75.67","62.18","SALLUIT","7117800","2020-11-22 08:00","2020","11","22","08:00","-10.2","","-12.5","","83","","0.0","","22","","36","","","","97.25","","","","-21","","NA"
"-75.67","62.18","SALLUIT","7117800","2020-11-22 09:00","2020","11","22","09:00","-10.8","","-13.3","","82","","0.0","","23","","39","","","","97.26","","","","-22","","NA"
"-75.67","62.18","SALLUIT","7117800","2020-11-22 10:00","2020","11","22","10:00","-10.8","","-13.5","","81","","0.0","","23","","25","","","","97.27","","","","-20","","NA"
"-75.67","62.18","SALLUIT","7117800","2020-11-22 11:00","2020","11","22","11:00","-10.9","","-13.6","","80","","0.0","","21","","16","","","","97.28","","","","-18","","NA"
"-75.67","62.18","SALLUIT","7117800","2020-11-22 12:00","2020","11","22","12:00","-10.6","","-12.7","","84","","0.0","","21","","8","","","","97.28","","","","-15","","NA"
"-75.67","62.18","SALLUIT","7117800","2020-11-22 13:00","2020","11","22","13:00","-10.6","","-12.0","","89","","0.0","","23","","4","","","","97.26","","","","-13","","NA"
"-75.67","62.18","SALLUIT","7117800","2020-11-22 14:00","2020","11","22","14:00","-10.8","","-12.3","","89","","0.2","","19","","7","","","","97.25","","","","-15","","NA"
"-75.67","62.18","SALLUIT","7117800","2020-11-22 15:00","2020","11","22","15:00","-11.2","","-12.4","","91","","0.2","","24","","7","","","","97.27","","","","-15","","NA"
"-75.67","62.18","SALLUIT","7117800","2020-11-22 16:00","2020","11","22","16:00","-11.3","","-12.6","","90","","0.2","","20","","2","","","","97.27","","","","-13","","NA"
"-75.67","62.18","SALLUIT","7117800","2020-11-22 17:00","2020","11","22","17:00","-11.4","","-12.6","","91","","0.0","","23","","3","","","","97.29","","","","-13","","NA"
"-75.67","62.18","SALLUIT","7117800","2020-11-22 18:00","2020","11","22","18:00"
"-75.67","62.18","SALLUIT","7117800","2020-11-22 19:00","2020","11","22","19:00","-12.0","","-13.2","","91","","0.0","","24","","6","","","","97.31","","","","-16","","NA"
"-75.67","62.18","SALLUIT","7117800","2020-11-22 20:00","2020","11","22","20:00","-12.9","","-14.1","","90","","0.0","","25","","13","","","","97.34","","","","-20","","NA"
"-75.67","62.18","SALLUIT","7117800","2020-11-22 21:00","2020","11","22","21:00","-13.7","","-15.5","","86","","0.0","","24","","16","","","","97.34","","","","-22","","NA"
"-75.67","62.18","SALLUIT","7117800","2020-11-22 22:00","2020","11","22","22:00","-12.9","","-16.8","","73","","0.0","","20","","7","","","","97.36","","","","-17","","NA"
"-75.67","62.18","SALLUIT","7117800","2020-11-22 23:00","2020","11","22","23:00","-13.5","","-16.1","","81","","0.0","","24","","30","","","","97.35","","","","-24","","NA"
"-75.67","62.18","SALLUIT","7117800","2020-11-23 00:00","2020","11","23","00:00","-15.0","","-17.4","","82","","0.0","","24","","28","","","","97.43","","","","-26","","NA"
"-75.67","62.18","SALLUIT","7117800","2020-11-23 01:00","2020","11","23","01:00","-14.4","","-17.1","","80","","0.0","","22","","24","","","","97.46","","","","-24","","NA"
"-75.67","62.18","SALLUIT","7117800","2020-11-23 02:00","2020","11","23","02:00","-15.2","","-18.6","","75","","0.0","","23","","19","","","","97.45","","","","-24","","NA"
"-75.67","62.18","SALLUIT","7117800","2020-11-23 03:00","2020","11","23","03:00","-15.2","","-17.8","","80","","0.0","","21","","21","","","","97.46","","","","-25","","NA"
"-75.67","62.18","SALLUIT","7117800","2020-11-23 04:00","2020","11","23","04:00","-15.5","","-18.1","","81","","0.0","","21","","35","","","","97.44","","","","-27","","NA"
"-75.67","62.18","SALLUIT","7117800","2020-11-23 05:00","2020","11","23","05:00","-15.6","","-17.9","","82","","0.0","","21","","32","","","","97.46","","","","-27","","NA"
"-75.67","62.18","SALLUIT","7117800","2020-11-23 06:00","2020","11","23","06:00","-15.8","","-18.2","","82","","0.0","","20","","21","","","","97.49","","","","-25","","NA"
"-75.67","62.18","SALLUIT","7117800","2020-11-23 07:00","2020","11","23","07:00","-16.2","","-18.1","","85","","0.2","","20","","29","","","","97.49","","","","-27","","NA"
"-75.67","62.18","SALLUIT","7117800","2020-11-23 08:00","2020","11","23","08:00","-16.5","","-18.6","","84","","0.0","","20","","24","","","","97.55","","","","-27","","NA"
"-75.67","62.18","SALLUIT","7117800","2020-11-23 09:00","2020","11","23","09:00","-15.4","","-17.7","","83","","0.0","","22","","23","","","","97.57","","","","-25","","NA"
"-75.67","62.18","SALLUIT","7117800","2020-11-23 10:00","2020","11","23","10:00","-14.6","","-16.4","","86","","0.0","","23","","24","","","","97.59","","","","-24","","NA"
"-75.67","62.18","SALLUIT","7117800","2020-11-23 11:00","2020","11","23","11:00","-13.9","","-15.6","","87","","0.0","","26","","14","","","","97.65","","","","-21","","NA"
"-75.67","62.18","SALLUIT","7117800","2020-11-23 12:00","2020","11","23","12:00","-10.9","","-16.5","","64","","0.0","","33","","27","","","","97.71","","","","-20","","NA"
"-75.67","62.18","SALLUIT","7117800","2020-11-23 13:00","2020","11","23","13:00","-11.7","","-16.9","","65","","0.0","","34","","19","","","","97.79","","","","-20","","NA"
"-75.67","62.18","SALLUIT","7117800","2020-11-23 14:00","2020","11","23","14:00","-11.7","","-16.7","","66","","0.0","","32","","19","","","","97.86","","","","-20","","NA"
"-75.67","62.18","SALLUIT","7117800","2020-11-23 15:00","2020","11","23","15:00","-13.3","","-16.9","","74","","0.0","","26","","12","","","","97.91","","","","-20","","NA"
"-75.67","62.18","SALLUIT","7117800","2020-11-23 16:00","2020","11","23","16:00","-12.7","","-14.8","","85","","0.0","","24","","12","","","","97.94","","","","-19","","NA"
"-75.67","62.18","SALLUIT","7117800","2020-11-23 17:00","2020","11","23","17:00","-12.9","","-14.6","","87","","0.0","","23","","27","","","","97.95","","","","-23","","NA"
"-75.67","62.18","SALLUIT","7117800","2020-11-23 18:00","2020","11","23","18:00","-13.7","","-15.9","","83","","0.2","","21","","31","","","","97.96","","","","-25","","NA"
"-75.67","62.18","SALLUIT","7117800","2020-11-23 19:00","2020","11","23","19:00"
"-75.67","62.18","SALLUIT","7117800","2020-11-23 20:00","2020","11","23","20:00","-12.9","","-14.4","","89","","0.0","","26","","35","","","","97.97","","","","-24","","NA"
"-75.67","62.18","SALLUIT","7117800","2020-11-23 21:00","2020","11","23","21:00","-12.4","","-14.4","","85","","0.0","","25","","35","","","","97.96","","","","-23","","NA"
"-75.67","62.18","SALLUIT","7117800","2020-11-23 22:00","2020","11","23","22:00"
"-75.67","62.18","SALLUIT","7117800","2020-11-23 23:00","2020","11","23","23:00","-12.4","","-13.8","","89","","0.0","","27","","37","","","","98.05","","","","-24","","NA"
"-75.67","62.18","SALLUIT","7117800","2020-11-24 00:00","2020","11","24","00:00","-12.5","","-13.9","","89","","0.0","","26","","23","","","","98.13","","","","-22","","NA"
"-75.67","62.18","SALLUIT","7117800","2020-11-24 01:00","2020","11","24","01:00","-11.5","","-15.4","","73","","0.0","","30","","12","","","","98.17","","","","-18","","NA"
"-75.67","62.18","SALLUIT","7117800","2020-11-24 02:00","2020","11","24","02:00","-12.1","","-14.4","","83","","0.0","","26","","26","","","","98.20","","","","-22","","NA"
"-75.67","62.18","SALLUIT","7117800","2020-11-24 03:00","2020","11","24","03:00","-12.0","","-13.9","","86","","0.0","","25","","23","","","","98.22","","","","-21","","NA"
"-75.67","62.18","SALLUIT","7117800","2020-11-24 04:00","2020","11","24","04:00","-11.9","","-13.7","","86","","0.0","","25","","32","","","","98.23","","","","-22","","NA"
"-75.67","62.18","SALLUIT","7117800","2020-11-24 05:00","2020","11","24","05:00","-11.8","","-14.2","","82","","0.0","","26","","40","","","","98.27","","","","-23","","NA"
"-75.67","62.18","SALLUIT","7117800","2020-11-24 06:00","2020","11","24","06:00","-11.5","","-13.2","","87","","0.0","","27","","45","","","","98.27","","","","-23","","NA"
"-75.67","62.18","SALLUIT","7117800","2020-11-24 07:00","2020","11","24","07:00","-12.0","","-14.0","","85","","0.0","","26","","42","","","","98.30","","","","-24","","NA"
"-75.67","62.18","SALLUIT","7117800","2020-11-24 08:00","2020","11","24","08:00","-11.7","","-15.4","","74","","0.0","","26","","36","","","","98.33","","","","-23","","NA"
"-75.67","62.18","SALLUIT","7117800","2020-11-24 09:00","2020","11","24","09:00","-12.2","","-15.0","","80","","0.0","","26","","33","","","","98.34","","","","-23","","NA"
"-75.67","62.18","SALLUIT","7117800","2020-11-24 10:00","2020","11","24","10:00","-12.4","","-15.8","","75","","0.0","","25","","34","","","","98.31","","","","-23","","NA"
"-75.67","62.18","SALLUIT","7117800","2020-11-24 11:00","2020","11","24","11:00","-13.7","","-16.6","","79","","0.0","","24","","21","","","","98.27","","","","-23","","NA"
"-75.67","62.18","SALLUIT","7117800","2020-11-24 12:00","2020","11","24","12:00","-12.6","","-15.5","","79","","0.0","","25","","27","","","","98.21","","","","-22","","NA"
"-75.67","62.18","SALLUIT","7117800","2020-11-24 13:00","2020","11","24","13:00","-12.4","","-14.9","","81","","0.0","","25","","21","","","","98.16","","","","-21","","NA"
"-75.67","62.18","SALLUIT","7117800","2020-11-24 14:00","2020","11","24","14:00","-12.4","","-15.1","","80","","0.0","","23","","32","","","","98.13","","","","-23","","NA"
"-75.67","62.18","SALLUIT","7117800","2020-11-24 15:00","2020","11","24","15:00","-12.4","","-14.8","","82","","0.0","","25","","27","","","","98.07","","","","-22","","NA"
"-75.67","62.18","SALLUIT","7117800","2020-11-24 16:00","2020","11","24","16:00","-12.7","","-14.8","","84","","0.0","","26","","40","","","","98.04","","","","-24","","NA"
"-75.67","62.18","SALLUIT","7117800","2020-11-24 17:00","2020","11","24","17:00","-13.2","","-14.6","","89","","0.0","","26","","28","","","","98.03","","","","-23","","NA"
"-75.67","62.18","SALLUIT","7117800","2020-11-24 18:00","2020","11","24","18:00","-13.5","","-15.0","","88","","0.0","","26","","26","","","","97.96","","","","-23","","NA"
"-75.67","62.18","SALLUIT","7117800","2020-11-24 19:00","2020","11","24","19:00"
"-75.67","62.18","SALLUIT","7117800","2020-11-24 20:00","2020","11","24","20:00","-13.6","","-15.1","","88","","0.0","","25","","29","","","","97.83","","","","-24","","NA"
"-75.67","62.18","SALLUIT","7117800","2020-11-24 21:00","2020","11","24","21:00","-13.7","","-15.5","","86","","0.0","","25","","22","","","","97.79","","","","-23","","NA"
"-75.67","62.18","SALLUIT","7117800","2020-11-24 22:00","2020","11","24","22:00","-13.5","","-16.0","","81","","0.0","","26","","30","","","","97.74","","","","-24","","NA"
"-75.67","62.18","SALLUIT","7117800","2020-11-24 23:00","2020","11","24","23:00","-13.3","","-15.3","","85","","0.0","","26","","31","","","","97.71","","","","-24","","NA"
"-75.67","62.18","SALLUIT","7117800","2020-11-25 00:00","2020","11","25","00:00","-13.5","","-16.0","","82","","0.0","","26","","38","","","","97.66","","","","-25","","NA"
"-75.67","62.18","SALLUIT","7117800","2020-11-25 01:00","2020","11","25","01:00","-13.6","","-15.7","","84","","0.0","","26","","39","","","","97.62","","","","-25","","NA"
"-75.67","62.18","SALLUIT","7117800","2020-11-25 02:00","2020","11","25","02:00","-13.9","","-15.8","","86","","0.0","","25","","28","","","","97.63","","","","-24","","NA"
"-75.67","62.18","SALLUIT","7117800","2020-11-25 03:00","2020","11","25","03:00","-14.4","","-15.9","","88","","0.0","","26","","28","","","","97.62","","","","-25","","NA"
"-75.67","62.18","SALLUIT","7117800","2020-11-25 04:00","2020","11","25","04:00"
"-75.67","62.18","SALLUIT","7117800","2020-11-25 05:00","2020","11","25","05:00","-13.7","","-16.3","","80","","0.0","","26","","25","","","","97.59","","","","-24","","NA"
"-75.67","62.18","SALLUIT","7117800","2020-11-25 06:00","2020","11","25","06:00","-13.9","","-16.1","","83","","0.0","","25","","29","","","","97.56","","","","-24","","NA"
"-75.67","62.18","SALLUIT","7117800","2020-11-25 07:00","2020","11","25","07:00","-13.6","","-16.2","","81","","0.0","","25","","32","","","","97.52","","","","-25","","NA"
"-75.67","62.18","SALLUIT","7117800","2020-11-25 08:00","2020","11","25","08:00","-13.4","","-15.7","","83","","0.0","","25","","28","","","","97.53","","","","-24","","NA"
"-75.67","62.18","SALLUIT","7117800","2020-11-25 09:00","2020","11","25","09:00","-13.4","","-15.5","","85","","0.0","","24","","28","","","","97.53","","","","-24","","NA"
"-75.67","62.18","SALLUIT","7117800","2020-11-25 10:00","2020","11","25","10:00","-13.5","","-15.7","","84","","0.0","","25","","29","","","","97.50","","","","-24","","NA"
"-75.67","62.18","SALLUIT","7117800","2020-11-25 11:00","2020","11","25","11:00","-13.5","","-16.0","","82","","0.0","","26","","27","","","","97.51","","","","-24","","NA"
"-75.67","62.18","SALLUIT","7117800","2020-11-25 12:00","2020","11","25","12:00","-13.4","","-15.8","","82","","0.0","","26","","30","","","","97.52","","","","-24","","NA"
"-75.67","62.18","SALLUIT","7117800","2020-11-25 13:00","2020","11","25","13:00","-13.3","","-15.3","","85","","0.0","","25","","36","","","","97.54","","","","-25","","NA"
"-75.67","62.18","SALLUIT","7117800","2020-11-25 14:00","2020","11","25","14:00","-13.5","","-15.9","","82","","0.0","","26","","34","","","","97.57","","","","-25","","NA"
"-75.67","62.18","SALLUIT","7117800","2020-11-25 15:00","2020","11","25","15:00","-13.0","","-15.5","","81","","0.0","","24","","26","","","","97.66","","","","-23","","NA"
"-75.67","62.18","SALLUIT","7117800","2020-11-25 16:00","2020","11","25","16:00","-13.7","","-15.7","","85","","0.0","","25","","29","","","","97.68","","","","-24","","NA"
"-75.67","62.18","SALLUIT","7117800","2020-11-25 17:00","2020","11","25","17:00","-13.9","","-16.7","","80","","0.0","","24","","24","","","","97.72","","","","-24","","NA"
"-75.67","62.18","SALLUIT","7117800","2020-11-25 18:00","2020","11","25","18:00","-14.0","","-17.0","","78","","0.0","","24","","27","","","","97.75","","","","-24","","NA"
"-75.67","62.18","SALLUIT","7117800","2020-11-25 19:00","2020","11","25","19:00","-13.8","","-16.5","","81","","0.0","","25","","33","","","","97.75","","","","-25","","NA"
"-75.67","62.18","SALLUIT","7117800","2020-11-25 20:00","2020","11","25","20:00","-13.6","","-16.4","","79","","0.0","","24","","37","","","","97.77","","","","-25","","NA"
"-75.67","62.18","SALLUIT","7117800","2020-11-25 21:00","2020","11","25","21:00","-13.3","","-15.6","","82","","0.0","","24","","41","","","","97.79","","","","-25","","NA"
"-75.67","62.18","SALLUIT","7117800","2020-11-25 22:00","2020","11","25","22:00","-13.0","","-15.3","","83","","0.2","","23","","33","","","","97.78","","","","-24","","NA"
"-75.67","62.18","SALLUIT","7117800","2020-11-25 23:00","2020","11","25","23:00","-11.7","","-14.0","","83","","0.0","","24","","30","","","","97.76","","","","-22","","NA"
"-75.67","62.18","SALLUIT","7117800","2020-11-26 00:00","2020","11","26","00:00"
"-75.67","62.18","SALLUIT","7117800","2020-11-26 01:00","2020","11","26","01:00","-10.9","","-13.6","","80","","0.0","","23","","40","","","","97.76","","","","-22","","NA"
"-75.67","62.18","SALLUIT","7117800","2020-11-26 02:00","2020","11","26","02:00","-10.7","","-12.8","","85","","0.0","","23","","46","","","","97.78","","","","-22","","NA"
"-75.67","62.18","SALLUIT","7117800","2020-11-26 03:00","2020","11","26","03:00","-10.5","","-13.0","","82","","0.0","","24","","36","","","","97.80","","","","-21","","NA"
"-75.67","62.18","SALLUIT","7117800","2020-11-26 04:00","2020","11","26","04:00","-10.4","","-13.0","","81","","0.0","","24","","40","","","","97.82","","","","-21","","NA"
"-75.67","62.18","SALLUIT","7117800","2020-11-26 05:00","2020","11","26","05:00"
"-75.67","62.18","SALLUIT","7117800","2020-11-26 06:00","2020","11","26","06:00","-10.1","","-12.6","","82","","0.0","","22","","18","","","","97.84","","","","-18","","NA"
"-75.67","62.18","SALLUIT","7117800","2020-11-26 07:00","2020","11","26","07:00","-10.1","","-12.0","","86","","0.0","","21","","34","","","","97.78","","","","-20","","NA"
"-75.67","62.18","SALLUIT","7117800","2020-11-26 08:00","2020","11","26","08:00","-10.0","","-12.0","","85","","0.0","","21","","37","","","","97.71","","","","-20","","NA"
"-75.67","62.18","SALLUIT","7117800","2020-11-26 09:00","2020","11","26","09:00","-10.1","","-12.0","","86","","0.0","","19","","39","","","","97.77","","","","-21","","NA"
"-75.67","62.18","SALLUIT","7117800","2020-11-26 10:00","2020","11","26","10:00","-10.2","","-12.4","","84","","0.0","","17","","34","","","","97.70","","","","-20","","NA"
"-75.67","62.18","SALLUIT","7117800","2020-11-26 11:00","2020","11","26","11:00","-10.3","","-12.4","","84","","0.0","","16","","25","","","","97.65","","","","-19","","NA"
"-75.67","62.18","SALLUIT","7117800","2020-11-26 12:00","2020","11","26","12:00","-10.1","","-12.1","","85","","0.0","","17","","41","","","","97.53","","","","-21","","NA"
"-75.67","62.18","SALLUIT","7117800","2020-11-26 13:00","2020","11","26","13:00","-9.4","","-11.5","","85","","0.0","","17","","43","","","","97.42","","","","-20","","NA"
"-75.67","62.18","SALLUIT","7117800","2020-11-26 14:00","2020","11","26","14:00","-8.9","","-11.1","","85","","0.0","","17","","56","","","","97.27","","","","-21","","NA"
"-75.67","62.18","SALLUIT","7117800","2020-11-26 15:00","2020","11","26","15:00","-8.6","","-10.8","","84","","0.0","","16","","54","","","","97.21","","","","-20","","NA"
"-75.67","62.18","SALLUIT","7117800","2020-11-26 16:00","2020","11","26","16:00"
"-75.67","62.18","SALLUIT","7117800","2020-11-26 17:00","2020","11","26","17:00","-8.7","","-11.0","","83","","0.0","","15","","45","","","","97.10","","","","-20","","NA"
"-75.67","62.18","SALLUIT","7117800","2020-11-26 18:00","2020","11","26","18:00","-8.9","","-10.8","","86","","0.0","","16","","49","","","","96.94","","","","-20","","NA"
"-75.67","62.18","SALLUIT","7117800","2020-11-26 19:00","2020","11","26","19:00","-9.3","","-11.3","","85","","0.0","","16","","59","","","","96.81","","","","-22","","NA"
"-75.67","62.18","SALLUIT","7117800","2020-11-26 20:00","2020","11","26","20:00"
"-75.67","62.18","SALLUIT","7117800","2020-11-26 21:00","2020","11","26","21:00","-9.9","","-12.1","","84","","0.0","","15","","59","","","","96.52","","","","-22","","NA"
"-75.67","62.18","SALLUIT","7117800","2020-11-26 22:00","2020","11","26","22:00","-9.6","","-11.7","","84","","0.0","","15","","51","","","","96.41","","","","-21","","NA"
"-75.67","62.18","SALLUIT","7117800","2020-11-26 23:00","2020","11","26","23:00","-9.7","","-11.7","","85","","0.0","","15","","51","","","","96.29","","","","-21","","NA"
"-75.67","62.18","SALLUIT","7117800","2020-11-27 00:00","2020","11","27","00:00","-9.2","","-11.2","","86","","0.0","","15","","56","","","","96.12","","","","-21","","NA"
"-75.67","62.18","SALLUIT","7117800","2020-11-27 01:00","2020","11","27","01:00","-8.9","","-11.2","","84","","0.0","","14","","43","","","","96.06","","","","-20","","NA"
"-75.67","62.18","SALLUIT","7117800","2020-11-27 02:00","2020","11","27","02:00","-8.2","","-10.3","","85","","0.0","","15","","45","","","","95.90","","","","-19","","NA"
"-75.67","62.18","SALLUIT","7117800","2020-11-27 03:00","2020","11","27","03:00","-7.5","","-9.3","","87","","0.0","","15","","49","","","","95.77","","","","-18","","NA"
"-75.67","62.18","SALLUIT","7117800","2020-11-27 04:00","2020","11","27","04:00","-6.3","","-8.2","","86","","0.0","","15","","43","","","","95.68","","","","-16","","NA"
"-75.67","62.18","SALLUIT","7117800","2020-11-27 05:00","2020","11","27","05:00","-5.8","","-7.4","","88","","0.0","","16","","47","","","","95.57","","","","-16","","NA"
"-75.67","62.18","SALLUIT","7117800","2020-11-27 06:00","2020","11","27","06:00","-5.3","","-6.9","","89","","0.0","","16","","42","","","","95.51","","","","-15","","NA"
"-75.67","62.18","SALLUIT","7117800","2020-11-27 07:00","2020","11","27","07:00","-4.9","","-6.4","","89","","0.0","","17","","31","","","","95.48","","","","-13","","NA"
"-75.67","62.18","SALLUIT","7117800","2020-11-27 08:00","2020","11","27","08:00","-4.3","","-5.5","","91","","0.0","","19","","23","","","","95.47","","","","-11","","NA"
"-75.67","62.18","SALLUIT","7117800","2020-11-27 09:00","2020","11","27","09:00","-4.6","","-5.6","","93","","0.0","","23","","19","","","","95.46","","","","-11","","NA"
"-75.67","62.18","SALLUIT","7117800","2020-11-27 10:00","2020","11","27","10:00","-4.5","","-5.4","","93","","0.0","","20","","23","","","","95.43","","","","-11","","NA"
"-75.67","62.18","SALLUIT","7117800","2020-11-27 11:00","2020","11","27","11:00","-4.7","","-5.7","","93","","0.0","","22","","31","","","","95.44","","","","-13","","NA"
"-75.67","62.18","SALLUIT","7117800","2020-11-27 12:00","2020","11","27","12:00","-5.4","","-6.5","","92","","0.0","","21","","36","","","","95.42","","","","-14","","NA"
"-75.67","62.18","SALLUIT","7117800","2020-11-27 13:00","2020","11","27","13:00","-5.7","","-7.1","","90","","0.0","","21","","38","","","","95.42","","","","-15","","NA"
"-75.67","62.18","SALLUIT","7117800","2020-11-27 14:00","2020","11","27","14:00","-5.6","","-7.1","","90","","0.0","","21","","37","","","","95.45","","","","-15","","NA"
"-75.67","62.18","SALLUIT","7117800","2020-11-27 15:00","2020","11","27","15:00","-5.6","","-6.7","","92","","0.0","","21","","32","","","","95.48","","","","-14","","NA"
"-75.67","62.18","SALLUIT","7117800","2020-11-27 16:00","2020","11","27","16:00","-5.1","","-6.6","","89","","0.0","","22","","32","","","","95.53","","","","-13","","NA"
"-75.67","62.18","SALLUIT","7117800","2020-11-27 17:00","2020","11","27","17:00","-5.1","","-6.4","","91","","0.0","","21","","31","","","","95.56","","","","-13","","NA"
"-75.67","62.18","SALLUIT","7117800","2020-11-27 18:00","2020","11","27","18:00","-5.3","","-6.3","","93","","0.0","","21","","29","","","","95.59","","","","-13","","NA"
"-75.67","62.18","SALLUIT","7117800","2020-11-27 19:00","2020","11","27","19:00","-5.3","","-6.5","","91","","0.0","","21","","31","","","","95.60","","","","-14","","NA"
"-75.67","62.18","SALLUIT","7117800","2020-11-27 20:00","2020","11","27","20:00","-5.5","","-6.2","","95","","0.0","","26","","25","","","","95.64","","","","-13","","NA"
"-75.67","62.18","SALLUIT","7117800","2020-11-27 21:00","2020","11","27","21:00"
"-75.67","62.18","SALLUIT","7117800","2020-11-27 22:00","2020","11","27","22:00","-6.2","","-7.4","","91","","0.2","","33","","16","","","","95.78","","","","-12","","NA"
"-75.67","62.18","SALLUIT","7117800","2020-11-27 23:00","2020","11","27","23:00","-7.1","","-8.2","","92","","0.2","","31","","19","","","","95.86","","","","-14","","NA"
"-75.67","62.18","SALLUIT","7117800","2020-11-28 00:00","2020","11","28","00:00","-7.5","","-8.3","","94","","0.2","","32","","19","","","","95.95","","","","-15","","NA"
"-75.67","62.18","SALLUIT","7117800","2020-11-28 01:00","2020","11","28","01:00","-8.2","","-9.2","","92","","0.0","","34","","28","","","","96.03","","","","-17","","NA"
"-75.67","62.18","SALLUIT","7117800","2020-11-28 02:00","2020","11","28","02:00","-8.8","","-10.0","","91","","0.2","","34","","29","","","","96.16","","","","-18","","NA"
"-75.67","62.18","SALLUIT","7117800","2020-11-28 03:00","2020","11","28","03:00","-9.1","","-11.0","","86","","0.0","","34","","26","","","","96.25","","","","-18","","NA"
"-75.67","62.18","SALLUIT","7117800","2020-11-28 04:00","2020","11","28","04:00","-9.3","","-10.9","","88","","0.0","","34","","21","","","","96.34","","","","-17","","NA"
"-75.67","62.18","SALLUIT","7117800","2020-11-28 05:00","2020","11","28","05:00","-9.6","","-11.3","","88","","0.0","","32","","31","","","","96.42","","","","-19","","NA"
"-75.67","62.18","SALLUIT","7117800","2020-11-28 06:00","2020","11","28","06:00","-9.9","","-11.6","","87","","0.0","","33","","24","","","","96.54","","","","-18","","NA"
"-75.67","62.18","SALLUIT","7117800","2020-11-28 07:00","2020","11","28","07:00","-10.4","","-11.7","","90","","0.0","","32","","27","","","","96.64","","","","-20","","NA"
"-75.67","62.18","SALLUIT","7117800","2020-11-28 08:00","2020","11","28","08:00","-10.6","","-12.3","","87","","0.2","","33","","28","","","","96.76","","","","-20","","NA"
"-75.67","62.18","SALLUIT","7117800","2020-11-28 09:00","2020","11","28","09:00","-10.7","","-12.4","","88","","0.0","","32","","28","","","","96.83","","","","-20","","NA"
"-75.67","62.18","SALLUIT","7117800","2020-11-28 10:00","2020","11","28","10:00","-10.6","","-12.5","","86","","0.0","","32","","31","","","","96.92","","","","-20","","NA"
"-75.67","62.18","SALLUIT","7117800","2020-11-28 11:00","2020","11","28","11:00","-10.7","","-12.9","","84","","0.0","","32","","31","","","","97.00","","","","-21","","NA"
"-75.67","62.18","SALLUIT","7117800","2020-11-28 12:00","2020","11","28","12:00","-10.9","","-13.4","","81","","0.0","","32","","30","","","","97.11","","","","-21","","NA"
"-75.67","62.18","SALLUIT","7117800","2020-11-28 13:00","2020","11","28","13:00","-10.8","","-13.2","","83","","0.0","","33","","23","","","","97.21","","","","-19","","NA"
"-75.67","62.18","SALLUIT","7117800","2020-11-28 14:00","2020","11","28","14:00","-11.0","","-13.5","","81","","0.0","","34","","24","","","","97.31","","","","-20","","NA"
"-75.67","62.18","SALLUIT","7117800","2020-11-28 15:00","2020","11","28","15:00","-11.1","","-13.3","","83","","0.0","","33","","18","","","","97.41","","","","-19","","NA"
"-75.67","62.18","SALLUIT","7117800","2020-11-28 16:00","2020","11","28","16:00","-10.9","","-13.8","","79","","0.0","","34","","20","","","","97.50","","","","-19","","NA"
"-75.67","62.18","SALLUIT","7117800","2020-11-28 17:00","2020","11","28","17:00","-11.0","","-14.2","","78","","0.2","","32","","25","","","","97.59","","","","-20","","NA"
"-75.67","62.18","SALLUIT","7117800","2020-11-28 18:00","2020","11","28","18:00","-11.2","","-15.2","","72","","0.0","","32","","29","","","","97.68","","","","-21","","NA"
"-75.67","62.18","SALLUIT","7117800","2020-11-28 19:00","2020","11","28","19:00","-11.3","","-14.8","","75","","0.0","","33","","23","","","","97.76","","","","-20","","NA"
"-75.67","62.18","SALLUIT","7117800","2020-11-28 20:00","2020","11","28","20:00","-11.5","","-15.1","","74","","0.0","","33","","23","","","","97.85","","","","-20","","NA"
"-75.67","62.18","SALLUIT","7117800","2020-11-28 21:00","2020","11","28","21:00","-11.7","","-14.2","","82","","0.0","","34","","23","","","","97.91","","","","-21","","NA"
"-75.67","62.18","SALLUIT","7117800","2020-11-28 22:00","2020","11","28","22:00"
"-75.67","62.18","SALLUIT","7117800","2020-11-28 23:00","2020","11","28","23:00","-12.0","","-15.1","","78","","0.0","","34","","19","","","","98.04","","","","-20","","NA"
"-75.67","62.18","SALLUIT","7117800","2020-11-29 00:00","2020","11","29","00:00","-11.7","","-16.7","","66","","0.0","","34","","22","","","","98.11","","","","-20","","NA"
"-75.67","62.18","SALLUIT","7117800","2020-11-29 01:00","2020","11","29","01:00","-11.7","","-15.7","","72","","0.0","","33","","20","","","","98.19","","","","-20","","NA"
"-75.67","62.18","SALLUIT","7117800","2020-11-29 02:00","2020","11","29","02:00","-11.7","","-14.4","","81","","0.0","","34","","19","","","","98.27","","","","-20","","NA"
"-75.67","62.18","SALLUIT","7117800","2020-11-29 03:00","2020","11","29","03:00"
"-75.67","62.18","SALLUIT","7117800","2020-11-29 04:00","2020","11","29","04:00","-12.0","","-14.0","","85","","0.0","","34","","21","","","","98.40","","","","-21","","NA"
"-75.67","62.18","SALLUIT","7117800","2020-11-29 05:00","2020","11","29","05:00","-12.1","","-15.8","","74","","0.2","","32","","24","","","","98.49","","","","-21","","NA"
"-75.67","62.18","SALLUIT","7117800","2020-11-29 06:00","2020","11","29","06:00","-12.7","","-16.5","","73","","0.0","","31","","25","","","","98.57","","","","-22","","NA"
"-75.67","62.18","SALLUIT","7117800","2020-11-29 07:00","2020","11","29","07:00","-11.9","","-15.7","","73","","0.0","","35","","18","","","","98.63","","","","-20","","NA"
"-75.67","62.18","SALLUIT","7117800","2020-11-29 08:00","2020","11","29","08:00","-11.8","","-15.7","","73","","0.0","","32","","22","","","","98.67","","","","-21","","NA"
"-75.67","62.18","SALLUIT","7117800","2020-11-29 09:00","2020","11","29","09:00","-11.5","","-14.7","","77","","0.0","","33","","21","","","","98.74","","","","-20","","NA"
"-75.67","62.18","SALLUIT","7117800","2020-11-29 10:00","2020","11","29","10:00","-11.5","","-14.1","","81","","0.0","","34","","15","","","","98.80","","","","-19","","NA"
"-75.67","62.18","SALLUIT","7117800","2020-11-29 11:00","2020","11","29","11:00","-11.3","","-12.6","","90","","0.2","","34","","17","","","","98.86","","","","-19","","NA"
"-75.67","62.18","SALLUIT","7117800","2020-11-29 12:00","2020","11","29","12:00","-11.3","","-15.3","","72","","0.0","","35","","22","","","","98.90","","","","-20","","NA"
"-75.67","62.18","SALLUIT","7117800","2020-11-29 13:00","2020","11","29","13:00","-11.3","","-14.8","","76","","0.0","","34","","19","","","","98.93","","","","-19","","NA"
"-75.67","62.18","SALLUIT","7117800","2020-11-29 14:00","2020","11","29","14:00","-11.4","","-15.0","","75","","0.0","","34","","17","","","","98.98","","","","-19","","NA"
"-75.67","62.18","SALLUIT","7117800","2020-11-29 15:00","2020","11","29","15:00","-11.4","","-15.0","","75","","0.0","","34","","20","","","","99.04","","","","-20","","NA"
"-75.67","62.18","SALLUIT","7117800","2020-11-29 16:00","2020","11","29","16:00","-11.1","","-14.5","","76","","0.0","","35","","15","","","","99.08","","","","-18","","NA"
"-75.67","62.18","SALLUIT","7117800","2020-11-29 17:00","2020","11","29","17:00","-11.1","","-13.8","","80","","0.0","","36","","19","","","","99.14","","","","-19","","NA"
"-75.67","62.18","SALLUIT","7117800","2020-11-29 18:00","2020","11","29","18:00","-11.4","","-14.5","","78","","0.0","","1","","19","","","","99.19","","","","-19","","NA"
"-75.67","62.18","SALLUIT","7117800","2020-11-29 19:00","2020","11","29","19:00","-11.3","","-13.1","","87","","0.0","","34","","11","","","","99.24","","","","-17","","NA"
"-75.67","62.18","SALLUIT","7117800","2020-11-29 20:00","2020","11","29","20:00","-11.2","","-14.4","","77","","0.0","","33","","13","","","","99.27","","","","-18","","NA"
"-75.67","62.18","SALLUIT","7117800","2020-11-29 21:00","2020","11","29","21:00","-11.3","","-15.0","","74","","0.0","","32","","16","","","","99.27","","","","-19","","NA"
"-75.67","62.18","SALLUIT","7117800","2020-11-29 22:00","2020","11","29","22:00","-11.3","","-15.2","","73","","0.2","","32","","20","","","","99.27","","","","-20","","NA"
"-75.67","62.18","SALLUIT","7117800","2020-11-29 23:00","2020","11","29","23:00"
"-75.67","62.18","SALLUIT","7117800","2020-11-30 00:00","2020","11","30","00:00","-11.5","","-15.2","","74","","0.0","","29","","12","","","","99.28","","","","-18","","NA"
"-75.67","62.18","SALLUIT","7117800","2020-11-30 01:00","2020","11","30","01:00","-11.5","","-15.4","","73","","0.0","","28","","10","","","","99.29","","","","-17","","NA"
"-75.67","62.18","SALLUIT","7117800","2020-11-30 02:00","2020","11","30","02:00","-11.9","","-14.9","","78","","0.0","","25","","12","","","","99.31","","","","-18","","NA"
"-75.67","62.18","SALLUIT","7117800","2020-11-30 03:00","2020","11","30","03:00","-11.7","","-14.9","","77","","0.0","","27","","12","","","","99.34","","","","-18","","NA"
"-75.67","62.18","SALLUIT","7117800","2020-11-30 04:00","2020","11","30","04:00","-11.9","","-14.8","","79","","0.0","","26","","16","","","","99.34","","","","-19","","NA"
"-75.67","62.18","SALLUIT","7117800","2020-11-30 05:00","2020","11","30","05:00","-12.5","","-14.9","","82","","0.0","","24","","14","","","","99.36","","","","-20","","NA"
"-75.67","62.18","SALLUIT","7117800","2020-11-30 06:00","2020","11","30","06:00","-12.4","","-15.4","","78","","0.0","","22","","13","","","","99.35","","","","-19","","NA"
"-75.67","62.18","SALLUIT","7117800","2020-11-30 07:00","2020","11","30","07:00","-12.3","","-15.7","","76","","0.0","","21","","15","","","","99.33","","","","-20","","NA"
"-75.67","62.18","SALLUIT","7117800","2020-11-30 08:00","2020","11","30","08:00","-13.2","","-17.4","","71","","0.0","","17","","10","","","","99.31","","","","-19","","NA"
"-75.67","62.18","SALLUIT","7117800","2020-11-30 09:00","2020","11","30","09:00","-14.0","","-17.7","","74","","0.0","","18","","19","","","","99.29","","","","-23","","NA"
"-75.67","62.18","SALLUIT","7117800","2020-11-30 10:00","2020","11","30","10:00","-13.1","","-16.9","","73","","0.0","","17","","19","","","","99.27","","","","-22","","NA"
"-75.67","62.18","SALLUIT","7117800","2020-11-30 11:00","2020","11","30","11:00","-13.3","","-16.8","","74","","0.0","","17","","26","","","","99.24","","","","-23","","NA"
"-75.67","62.18","SALLUIT","7117800","2020-11-30 12:00","2020","11","30","12:00","-13.6","","-17.0","","75","","0.0","","17","","33","","","","99.18","","","","-25","","NA"
"-75.67","62.18","SALLUIT","7117800","2020-11-30 13:00","2020","11","30","13:00","-14.2","","-17.8","","74","","0.0","","18","","30","","","","99.19","","","","-25","","NA"
"-75.67","62.18","SALLUIT","7117800","2020-11-30 14:00","2020","11","30","14:00","-14.1","","-17.2","","77","","0.0","","18","","37","","","","99.19","","","","-26","","NA"
"-75.67","62.18","SALLUIT","7117800","2020-11-30 15:00","2020","11","30","15:00","-14.8","","-17.6","","79","","0.0","","16","","34","","","","99.19","","","","-26","","NA"
"-75.67","62.18","SALLUIT","7117800","2020-11-30 16:00","2020","11","30","16:00","-15.5","","-18.5","","78","","0.0","","18","","38","","","","99.19","","","","-28","","NA"
"-75.67","62.18","SALLUIT","7117800","2020-11-30 17:00","2020","11","30","17:00","-16.2","","-18.8","","80","","0.0","","18","","36","","","","99.20","","","","-29","","NA"
"-75.67","62.18","SALLUIT","7117800","2020-11-30 18:00","2020","11","30","18:00","-15.8","","-18.5","","79","","0.0","","13","","19","","","","99.18","","","","-25","","NA"
"-75.67","62.18","SALLUIT","7117800","2020-11-30 19:00","2020","11","30","19:00","-16.0","","-18.4","","82","","0.0","","17","","60","","","","99.02","","","","-31","","NA"
"-75.67","62.18","SALLUIT","7117800","2020-11-30 20:00","2020","11","30","20:00"
"-75.67","62.18","SALLUIT","7117800","2020-11-30 21:00","2020","11","30","21:00","-16.5","","-19.3","","79","","0.0","","18","","55","","","","99.12","","","","-31","","NA"
"-75.67","62.18","SALLUIT","7117800","2020-11-30 22:00","2020","11","30","22:00","-16.8","","-19.7","","78","","0.0","","17","","44","","","","99.16","","","","-30","","NA"
"-75.67","62.18","SALLUIT","7117800","2020-11-30 23:00","2020","11","30","23:00","-16.8","","-19.7","","79","","0.0","","17","","45","","","","99.09","","","","-30","","NA"
