"Longitude (x)","Latitude (y)","Station Name","Climate ID","Date/Time","Year","Month","Day","Data Quality","Max Temp (°C)","Max Temp Flag","Min Temp (°C)","Min Temp Flag","Mean Temp (°C)","Mean Temp Flag","Heat Deg Days (°C)","Heat Deg Days Flag","Cool Deg Days (°C)","Cool Deg Days Flag","Total Rain (mm)","Total Rain Flag","Total Snow (cm)","Total Snow Flag","Total Precip (mm)","Total Precip Flag","Snow on Grnd (cm)","Snow on Grnd Flag","Dir of Max Gust (10s deg)","Dir of Max Gust Flag","Spd of Max Gust (km/h)","Spd of Max Gust Flag"
"-63.58","46.30","MAPLE PLAINS","8305500","2018-01-01","2018","01","01","","","","","","","","","","","","","","","","","","","","","","",""
"-63.58","46.30","MAPLE PLAINS","8305500","2018-01-02","2018","01","02","","","","","","","","","","","","","","","","","","","","","","",""
"-63.58","46.30","MAPLE PLAINS","8305500","2018-01-03","2018","01","03","","","","","","","","","","","","","","","","","","","","","","",""
"-63.58","46.30","MAPLE PLAINS","8305500","2018-01-04","2018","01","04","","","","","","","","","","","","","","","","","","","","","","",""
"-63.58","46.30","MAPLE PLAINS","8305500","2018-01-05","2018","01","05","","","","","","","","","","","","","","","","","","","","","","",""
"-63.58","46.30","MAPLE PLAINS","8305500","2018-01-06","2018","01","06","","","","","","","","","","","","","","","","","","","","","","",""
"-63.58","46.30","MAPLE PLAINS","8305500","2018-01-07","2018","01","07","","","","","","","","","","","","","","","","","","","","","","",""
"-63.58","46.30","MAPLE PLAINS","8305500","2018-01-08","2018","01","08","","","","","","","","","","","","","","","","","","","","","","",""
"-63.58","46.30","MAPLE PLAINS","8305500","2018-01-09","2018","01","09","","","","","","","","","","","","","","","","","","","","","","",""
"-63.58","46.30","MAPLE PLAINS","8305500","2018-01-10","2018","01","10","","","","","","","","","","","","","","","","","","","","","","",""
"-63.58","46.30","MAPLE PLAINS","8305500","2018-01-11","2018","01","11","","","","","","","","","","","","","","","","","","","","","","",""
"-63.58","46.30","MAPLE PLAINS","8305500","2018-01-12","2018","01","12","","","","","","","","","","","","","","","","","","","","","","",""
"-63.58","46.30","MAPLE PLAINS","8305500","2018-01-13","2018","01","13","","","","","","","","","","","","","","","","","","","","","","",""
"-63.58","46.30","MAPLE PLAINS","8305500","2018-01-14","2018","01","14","","","","","","","","","","","","","","","","","","","","","","",""
"-63.58","46.30","MAPLE PLAINS","8305500","2018-01-15","2018","01","15","","","","","","","","","","","","","","","","","","","","","","",""
"-63.58","46.30","MAPLE PLAINS","8305500","2018-01-16","2018","01","16","","","","","","","","","","","","","","","","","","","","","","",""
"-63.58","46.30","MAPLE PLAINS","8305500","2018-01-17","2018","01","17","","","","","","","","","","","","","","","","","","","","","","",""
"-63.58","46.30","MAPLE PLAINS","8305500","2018-01-18","2018","01","18","","","","","","","","","","","","","","","","","","","","","","",""
"-63.58","46.30","MAPLE PLAINS","8305500","2018-01-19","2018","01","19","","","","","","","","","","","","","","","","","","","","","","",""
"-63.58","46.30","MAPLE PLAINS","8305500","2018-01-20","2018","01","20","","","","","","","","","","","","","","","","","","","","","","",""
"-63.58","46.30","MAPLE PLAINS","8305500","2018-01-21","2018","01","21","","","","","","","","","","","","","","","","","","","","","","",""
"-63.58","46.30","MAPLE PLAINS","8305500","2018-01-22","2018","01","22","","","","","","","","","","","","","","","","","","","","","","",""
"-63.58","46.30","MAPLE PLAINS","8305500","2018-01-23","2018","01","23","","","","","","","","","","","","","","","","","","","","","","",""
"-63.58","46.30","MAPLE PLAINS","8305500","2018-01-24","2018","01","24","","","","","","","","","","","","","","","","","","","","","","",""
"-63.58","46.30","MAPLE PLAINS","8305500","2018-01-25","2018","01","25","","","","","","","","","","","","","","","","","","","","","","",""
"-63.58","46.30","MAPLE PLAINS","8305500","2018-01-26","2018","01","26","","","","","","","","","","","","","","","","","","","","","","",""
"-63.58","46.30","MAPLE PLAINS","8305500","2018-01-27","2018","01","27","","","","","","","","","","","","","","","","","","","","","","",""
"-63.58","46.30","MAPLE PLAINS","8305500","2018-01-28","2018","01","28","","","","","","","","","","","","","","","","","","","","","","",""
"-63.58","46.30","MAPLE PLAINS","8305500","2018-01-29","2018","01","29","","","","","","","","","","","","","","","","","","","","","","",""
"-63.58","46.30","MAPLE PLAINS","8305500","2018-01-30","2018","01","30","","","","","","","","","","","","","","","","","","","","","","",""
"-63.58","46.30","MAPLE PLAINS","8305500","2018-01-31","2018","01","31","","","","","","","","","","","","","","","","","","","","","","",""
"-63.58","46.30","MAPLE PLAINS","8305500","2018-02-01","2018","02","01","","","","","","","","","","","","","","","","","","","","","","",""
"-63.58","46.30","MAPLE PLAINS","8305500","2018-02-02","2018","02","02","","","","","","","","","","","","","","","","","","","","","","",""
"-63.58","46.30","MAPLE PLAINS","8305500","2018-02-03","2018","02","03","","","","","","","","","","","","","","","","","","","","","","",""
"-63.58","46.30","MAPLE PLAINS","8305500","2018-02-04","2018","02","04","","","","","","","","","","","","","","","","","","","","","","",""
"-63.58","46.30","MAPLE PLAINS","8305500","2018-02-05","2018","02","05","","","","","","","","","","","","","","","","","","","","","","",""
"-63.58","46.30","MAPLE PLAINS","8305500","2018-02-06","2018","02","06","","","","","","","","","","","","","","","","","","","","","","",""
"-63.58","46.30","MAPLE PLAINS","8305500","2018-02-07","2018","02","07","","","","","","","","","","","","","","","","","","","","","","",""
"-63.58","46.30","MAPLE PLAINS","8305500","2018-02-08","2018","02","08","","","","","","","","","","","","","","","","","","","","","","",""
"-63.58","46.30","MAPLE PLAINS","8305500","2018-02-09","2018","02","09","","","","","","","","","","","","","","","","","","","","","","",""
"-63.58","46.30","MAPLE PLAINS","8305500","2018-02-10","2018","02","10","","","","","","","","","","","","","","","","","","","","","","",""
"-63.58","46.30","MAPLE PLAINS","8305500","2018-02-11","2018","02","11","","","","","","","","","","","","","","","","","","","","","","",""
"-63.58","46.30","MAPLE PLAINS","8305500","2018-02-12","2018","02","12","","","","","","","","","","","","","","","","","","","","","","",""
"-63.58","46.30","MAPLE PLAINS","8305500","2018-02-13","2018","02","13","","","","","","","","","","","","","","","","","","","","","","",""
"-63.58","46.30","MAPLE PLAINS","8305500","2018-02-14","2018","02","14","","","","","","","","","","","","","","","","","","","","","","",""
"-63.58","46.30","MAPLE PLAINS","8305500","2018-02-15","2018","02","15","","","","","","","","","","","","","","","","","","","","","","",""
"-63.58","46.30","MAPLE PLAINS","8305500","2018-02-16","2018","02","16","","","","","","","","","","","","","","","","","","","","","","",""
"-63.58","46.30","MAPLE PLAINS","8305500","2018-02-17","2018","02","17","","","","","","","","","","","","","","","","","","","","","","",""
"-63.58","46.30","MAPLE PLAINS","8305500","2018-02-18","2018","02","18","","","","","","","","","","","","","","","","","","","","","","",""
"-63.58","46.30","MAPLE PLAINS","8305500","2018-02-19","2018","02","19","","","","","","","","","","","","","","","","","","","","","","",""
"-63.58","46.30","MAPLE PLAINS","8305500","2018-02-20","2018","02","20","","","","","","","","","","","","","","","","","","","","","","",""
"-63.58","46.30","MAPLE PLAINS","8305500","2018-02-21","2018","02","21","","","","","","","","","","","","","","","","","","","","","","",""
"-63.58","46.30","MAPLE PLAINS","8305500","2018-02-22","2018","02","22","","","","","","","","","","","","","","","","","","","","","","",""
"-63.58","46.30","MAPLE PLAINS","8305500","2018-02-23","2018","02","23","","","","","","","","","","","","","","","","","","","","","","",""
"-63.58","46.30","MAPLE PLAINS","8305500","2018-02-24","2018","02","24","","","","","","","","","","","","","","","","","","","","","","",""
"-63.58","46.30","MAPLE PLAINS","8305500","2018-02-25","2018","02","25","","","","","","","","","","","","","","","","","","","","","","",""
"-63.58","46.30","MAPLE PLAINS","8305500","2018-02-26","2018","02","26","","","","","","","","","","","","","","","","","","","","","","",""
"-63.58","46.30","MAPLE PLAINS","8305500","2018-02-27","2018","02","27","","","","","","","","","","","","","","","","","","","","","","",""
"-63.58","46.30","MAPLE PLAINS","8305500","2018-02-28","2018","02","28","","","","","","","","","","","","","","","","","","","","","","",""
"-63.58","46.30","MAPLE PLAINS","8305500","2018-03-01","2018","03","01","","","","","","","","","","","","","","","","","","","","","","",""
"-63.58","46.30","MAPLE PLAINS","8305500","2018-03-02","2018","03","02","","","","","","","","","","","","","","","","","","","","","","",""
"-63.58","46.30","MAPLE PLAINS","8305500","2018-03-03","2018","03","03","","","","","","","","","","","","","","","","","","","","","","",""
"-63.58","46.30","MAPLE PLAINS","8305500","2018-03-04","2018","03","04","","","","","","","","","","","","","","","","","","","","","","",""
"-63.58","46.30","MAPLE PLAINS","8305500","2018-03-05","2018","03","05","","","","","","","","","","","","","","","","","","","","","","",""
"-63.58","46.30","MAPLE PLAINS","8305500","2018-03-06","2018","03","06","","","","","","","","","","","","","","","","","","","","","","",""
"-63.58","46.30","MAPLE PLAINS","8305500","2018-03-07","2018","03","07","","","","","","","","","","","","","","","","","","","","","","",""
"-63.58","46.30","MAPLE PLAINS","8305500","2018-03-08","2018","03","08","","","","","","","","","","","","","","","","","","","","","","",""
"-63.58","46.30","MAPLE PLAINS","8305500","2018-03-09","2018","03","09","","","","","","","","","","","","","","","","","","","","","","",""
"-63.58","46.30","MAPLE PLAINS","8305500","2018-03-10","2018","03","10","","","","","","","","","","","","","","","","","","","","","","",""
"-63.58","46.30","MAPLE PLAINS","8305500","2018-03-11","2018","03","11","","","","","","","","","","","","","","","","","","","","","","",""
"-63.58","46.30","MAPLE PLAINS","8305500","2018-03-12","2018","03","12","","","","","","","","","","","","","","","","","","","","","","",""
"-63.58","46.30","MAPLE PLAINS","8305500","2018-03-13","2018","03","13","","","","","","","","","","","","","","","","","","","","","","",""
"-63.58","46.30","MAPLE PLAINS","8305500","2018-03-14","2018","03","14","","","","","","","","","","","","","","","","","","","","","","",""
"-63.58","46.30","MAPLE PLAINS","8305500","2018-03-15","2018","03","15","","","","","","","","","","","","","","","","","","","","","","",""
"-63.58","46.30","MAPLE PLAINS","8305500","2018-03-16","2018","03","16","","","","","","","","","","","","","","","","","","","","","","",""
"-63.58","46.30","MAPLE PLAINS","8305500","2018-03-17","2018","03","17","","","","","","","","","","","","","","","","","","","","","","",""
"-63.58","46.30","MAPLE PLAINS","8305500","2018-03-18","2018","03","18","","","","","","","","","","","","","","","","","","","","","","",""
"-63.58","46.30","MAPLE PLAINS","8305500","2018-03-19","2018","03","19","","","","","","","","","","","","","","","","","","","","","","",""
"-63.58","46.30","MAPLE PLAINS","8305500","2018-03-20","2018","03","20","","","","","","","","","","","","","","","","","","","","","","",""
"-63.58","46.30","MAPLE PLAINS","8305500","2018-03-21","2018","03","21","","","","","","","","","","","","","","","","","","","","","","",""
"-63.58","46.30","MAPLE PLAINS","8305500","2018-03-22","2018","03","22","","","","","","","","","","","","","","","","","","","","","","",""
"-63.58","46.30","MAPLE PLAINS","8305500","2018-03-23","2018","03","23","","","","","","","","","","","","","","","","","","","","","","",""
"-63.58","46.30","MAPLE PLAINS","8305500","2018-03-24","2018","03","24","","","","","","","","","","","","","","","","","","","","","","",""
"-63.58","46.30","MAPLE PLAINS","8305500","2018-03-25","2018","03","25","","","","","","","","","","","","","","","","","","","","","","",""
"-63.58","46.30","MAPLE PLAINS","8305500","2018-03-26","2018","03","26","","","","","","","","","","","","","","","","","","","","","","",""
"-63.58","46.30","MAPLE PLAINS","8305500","2018-03-27","2018","03","27","","","","","","","","","","","","","","","","","","","","","","",""
"-63.58","46.30","MAPLE PLAINS","8305500","2018-03-28","2018","03","28","","","","","","","","","","","","","","","","","","","","","","",""
"-63.58","46.30","MAPLE PLAINS","8305500","2018-03-29","2018","03","29","","","","","","","","","","","","","","","","","","","","","","",""
"-63.58","46.30","MAPLE PLAINS","8305500","2018-03-30","2018","03","30","","","","","","","","","","","","","","","","","","","","","","",""
"-63.58","46.30","MAPLE PLAINS","8305500","2018-03-31","2018","03","31","","","","","","","","","","","","","","","","","","","","","","",""
"-63.58","46.30","MAPLE PLAINS","8305500","2018-04-01","2018","04","01","","","","","","","","","","","","","","","","","","","","","","",""
"-63.58","46.30","MAPLE PLAINS","8305500","2018-04-02","2018","04","02","","","","","","","","","","","","","","","","","","","","","","",""
"-63.58","46.30","MAPLE PLAINS","8305500","2018-04-03","2018","04","03","","","","","","","","","","","","","","","","","","","","","","",""
"-63.58","46.30","MAPLE PLAINS","8305500","2018-04-04","2018","04","04","","","","","","","","","","","","","","","","","","","","","","",""
"-63.58","46.30","MAPLE PLAINS","8305500","2018-04-05","2018","04","05","","","","","","","","","","","","","","","","","","","","","","",""
"-63.58","46.30","MAPLE PLAINS","8305500","2018-04-06","2018","04","06","","","","","","","","","","","","","","","","","","","","","","",""
"-63.58","46.30","MAPLE PLAINS","8305500","2018-04-07","2018","04","07","","","","","","","","","","","","","","","","","","","","","","",""
"-63.58","46.30","MAPLE PLAINS","8305500","2018-04-08","2018","04","08","","","","","","","","","","","","","","","","","","","","","","",""
"-63.58","46.30","MAPLE PLAINS","8305500","2018-04-09","2018","04","09","","","","","","","","","","","","","","","","","","","","","","",""
"-63.58","46.30","MAPLE PLAINS","8305500","2018-04-10","2018","04","10","","","","","","","","","","","","","","","","","","","","","","",""
"-63.58","46.30","MAPLE PLAINS","8305500","2018-04-11","2018","04","11","","","","","","","","","","","","","","","","","","","","","","",""
"-63.58","46.30","MAPLE PLAINS","8305500","2018-04-12","2018","04","12","","","","","","","","","","","","","","","","","","","","","","",""
"-63.58","46.30","MAPLE PLAINS","8305500","2018-04-13","2018","04","13","","","","","","","","","","","","","","","","","","","","","","",""
"-63.58","46.30","MAPLE PLAINS","8305500","2018-04-14","2018","04","14","","","","","","","","","","","","","","","","","","","","","","",""
"-63.58","46.30","MAPLE PLAINS","8305500","2018-04-15","2018","04","15","","","","","","","","","","","","","","","","","","","","","","",""
"-63.58","46.30","MAPLE PLAINS","8305500","2018-04-16","2018","04","16","","","","","","","","","","","","","","","","","","","","","","",""
"-63.58","46.30","MAPLE PLAINS","8305500","2018-04-17","2018","04","17","","","","","","","","","","","","","","","","","","","","","","",""
"-63.58","46.30","MAPLE PLAINS","8305500","2018-04-18","2018","04","18","","","","","","","","","","","","","","","","","","","","","","",""
"-63.58","46.30","MAPLE PLAINS","8305500","2018-04-19","2018","04","19","","","","","","","","","","","","","","","","","","","","","","",""
"-63.58","46.30","MAPLE PLAINS","8305500","2018-04-20","2018","04","20","","","","","","","","","","","","","","","","","","","","","","",""
"-63.58","46.30","MAPLE PLAINS","8305500","2018-04-21","2018","04","21","","","","","","","","","","","","","","","","","","","","","","",""
"-63.58","46.30","MAPLE PLAINS","8305500","2018-04-22","2018","04","22","","","","","","","","","","","","","","","","","","","","","","",""
"-63.58","46.30","MAPLE PLAINS","8305500","2018-04-23","2018","04","23","","","","","","","","","","","","","","","","","","","","","","",""
"-63.58","46.30","MAPLE PLAINS","8305500","2018-04-24","2018","04","24","","","","","","","","","","","","","","","","","","","","","","",""
"-63.58","46.30","MAPLE PLAINS","8305500","2018-04-25","2018","04","25","","","","","","","","","","","","","","","","","","","","","","",""
"-63.58","46.30","MAPLE PLAINS","8305500","2018-04-26","2018","04","26","","","","","","","","","","","","","","","","","","","","","","",""
"-63.58","46.30","MAPLE PLAINS","8305500","2018-04-27","2018","04","27","","","","","","","","","","","","","","","","","","","","","","",""
"-63.58","46.30","MAPLE PLAINS","8305500","2018-04-28","2018","04","28","","","","","","","","","","","","","","","","","","","","","","",""
"-63.58","46.30","MAPLE PLAINS","8305500","2018-04-29","2018","04","29","","","","","","","","","","","","","","","","","","","","","","",""
"-63.58","46.30","MAPLE PLAINS","8305500","2018-04-30","2018","04","30","","","","","","","","","","","","","","","","","","","","","","",""
"-63.58","46.30","MAPLE PLAINS","8305500","2018-05-01","2018","05","01","","","","","","","","","","","","","","","","","","","","","","",""
"-63.58","46.30","MAPLE PLAINS","8305500","2018-05-02","2018","05","02","","","","","","","","","","","","","","","","","","","","","","",""
"-63.58","46.30","MAPLE PLAINS","8305500","2018-05-03","2018","05","03","","","","","","","","","","","","","","","","","","","","","","",""
"-63.58","46.30","MAPLE PLAINS","8305500","2018-05-04","2018","05","04","","","","","","","","","","","","","","","","","","","","","","",""
"-63.58","46.30","MAPLE PLAINS","8305500","2018-05-05","2018","05","05","","","","","","","","","","","","","","","","","","","","","","",""
"-63.58","46.30","MAPLE PLAINS","8305500","2018-05-06","2018","05","06","","","","","","","","","","","","","","","","","","","","","","",""
"-63.58","46.30","MAPLE PLAINS","8305500","2018-05-07","2018","05","07","","","","","","","","","","","","","","","","","","","","","","",""
"-63.58","46.30","MAPLE PLAINS","8305500","2018-05-08","2018","05","08","","","","","","","","","","","","","","","","","","","","","","",""
"-63.58","46.30","MAPLE PLAINS","8305500","2018-05-09","2018","05","09","","11.6","","2.1","","6.8","","11.2","","0.0","","","","","","0.0","","","","3","","33",""
"-63.58","46.30","MAPLE PLAINS","8305500","2018-05-10","2018","05","10","","","","","","","","","","","","","","","","","","","","","","",""
"-63.58","46.30","MAPLE PLAINS","8305500","2018-05-11","2018","05","11","","","","","","","","","","","","","","","","","","","","","","",""
"-63.58","46.30","MAPLE PLAINS","8305500","2018-05-12","2018","05","12","","","","","","","","","","","","","","","","","","","","","","",""
"-63.58","46.30","MAPLE PLAINS","8305500","2018-05-13","2018","05","13","","","","","","","","","","","","","","","","","","","","","","",""
"-63.58","46.30","MAPLE PLAINS","8305500","2018-05-14","2018","05","14","","17.5","","5.4","","11.5","","6.5","","0.0","","","","","","0.0","","","","20","","42",""
"-63.58","46.30","MAPLE PLAINS","8305500","2018-05-15","2018","05","15","","21.8","","5.3","","13.6","","4.4","","0.0","","","","","","4.8","","","","3","","42",""
"-63.58","46.30","MAPLE PLAINS","8305500","2018-05-16","2018","05","16","","10.7","","1.8","","6.3","","11.7","","0.0","","","","","","0.0","","","","19","","34",""
"-63.58","46.30","MAPLE PLAINS","8305500","2018-05-17","2018","05","17","","15.0","","-3.3","","5.8","","12.2","","0.0","","","","","","","M","","","34","","41",""
"-63.58","46.30","MAPLE PLAINS","8305500","2018-05-18","2018","05","18","","9.9","","-4.2","","2.8","","15.2","","0.0","","","","","","","M","","","33","","32",""
"-63.58","46.30","MAPLE PLAINS","8305500","2018-05-19","2018","05","19","","19.4","","-1.5","","8.9","","9.1","","0.0","","","","","","","M","","","","","",""
"-63.58","46.30","MAPLE PLAINS","8305500","2018-05-20","2018","05","20","","14.5","","2.0","","8.3","","9.7","","0.0","","","","","","16.4","","","","15","","47",""
"-63.58","46.30","MAPLE PLAINS","8305500","2018-05-21","2018","05","21","","19.8","","-1.0","","9.4","","8.6","","0.0","","","","","","","M","","","31","","44",""
"-63.58","46.30","MAPLE PLAINS","8305500","2018-05-22","2018","05","22","","19.4","","-1.9","","8.7","","9.3","","0.0","","","","","","","M","","","20","","39",""
"-63.58","46.30","MAPLE PLAINS","8305500","2018-05-23","2018","05","23","","14.9","","-1.8","","6.6","","11.4","","0.0","","","","","","","M","","","36","","45",""
"-63.58","46.30","MAPLE PLAINS","8305500","2018-05-24","2018","05","24","","12.1","","-2.2","","4.9","","13.1","","0.0","","","","","","","M","","","22","","35",""
"-63.58","46.30","MAPLE PLAINS","8305500","2018-05-25","2018","05","25","","18.3","","6.9","","12.6","","5.4","","0.0","","","","","","3.4","","","","25","","37",""
"-63.58","46.30","MAPLE PLAINS","8305500","2018-05-26","2018","05","26","","10.8","","0.2","","5.5","","12.5","","0.0","","","","","","","M","","","35","","34",""
"-63.58","46.30","MAPLE PLAINS","8305500","2018-05-27","2018","05","27","","14.3","","-1.7","","6.3","","11.7","","0.0","","","","","","","M","","","","","",""
"-63.58","46.30","MAPLE PLAINS","8305500","2018-05-28","2018","05","28","","19.0","","4.7","","11.9","","6.1","","0.0","","","","","","1.4","","","","17","","38",""
"-63.58","46.30","MAPLE PLAINS","8305500","2018-05-29","2018","05","29","","15.4","","2.5","","8.9","","9.1","","0.0","","","","","","7.0","","","","36","","43",""
"-63.58","46.30","MAPLE PLAINS","8305500","2018-05-30","2018","05","30","","16.1","","5.8","","10.9","","7.1","","0.0","","","","","","0.0","","","","2","","34",""
"-63.58","46.30","MAPLE PLAINS","8305500","2018-05-31","2018","05","31","","26.3","","6.5","","16.4","","1.6","","0.0","","","","","","0.0","","","","","","",""
"-63.58","46.30","MAPLE PLAINS","8305500","2018-06-01","2018","06","01","","27.8","","11.1","","19.5","","0.0","","1.5","","","","","","0.4","","","","20","","42",""
"-63.58","46.30","MAPLE PLAINS","8305500","2018-06-02","2018","06","02","","17.0","","4.3","","10.6","","7.4","","0.0","","","","","","34.6","","","","1","","58",""
"-63.58","46.30","MAPLE PLAINS","8305500","2018-06-03","2018","06","03","","5.9","","-3.2","","1.4","","16.6","","0.0","","","","","","","M","","","2","","52",""
"-63.58","46.30","MAPLE PLAINS","8305500","2018-06-04","2018","06","04","","13.1","","-3.8","","4.7","","13.3","","0.0","","","","","","","M","","","","M","","M"
"-63.58","46.30","MAPLE PLAINS","8305500","2018-06-05","2018","06","05","","9.9","","4.0","","7.0","","11.0","","0.0","","","","","","2.6","","","","","","",""
"-63.58","46.30","MAPLE PLAINS","8305500","2018-06-06","2018","06","06","","12.2","","1.8","","7.0","","11.0","","0.0","","","","","","1.6","","","","","","",""
"-63.58","46.30","MAPLE PLAINS","8305500","2018-06-07","2018","06","07","","21.3","","1.9","","11.6","","6.4","","0.0","","","","","","0.2","","","","18","","38",""
"-63.58","46.30","MAPLE PLAINS","8305500","2018-06-08","2018","06","08","","16.9","","4.7","","10.8","","7.2","","0.0","","","","","","3.4","","","","22","","37",""
"-63.58","46.30","MAPLE PLAINS","8305500","2018-06-09","2018","06","09","","18.4","","2.6","","10.5","","7.5","","0.0","","","","","","0.0","","","","26","","33",""
"-63.58","46.30","MAPLE PLAINS","8305500","2018-06-10","2018","06","10","","12.2","","1.9","","7.1","","10.9","","0.0","","","","","","0.0","","","","2","","35",""
"-63.58","46.30","MAPLE PLAINS","8305500","2018-06-11","2018","06","11","","12.3","","-1.5","","5.4","","12.6","","0.0","","","","","","","M","","","","","",""
"-63.58","46.30","MAPLE PLAINS","8305500","2018-06-12","2018","06","12","","21.3","","-1.8","","9.8","","8.2","","0.0","","","","","","","M","","","24","","53",""
"-63.58","46.30","MAPLE PLAINS","8305500","2018-06-13","2018","06","13","","20.6","","9.0","","14.8","","3.2","","0.0","","","","","","0.2","","","","24","","41",""
"-63.58","46.30","MAPLE PLAINS","8305500","2018-06-14","2018","06","14","","9.4","","5.7","","7.5","","10.5","","0.0","","","","","","14.2","","","","6","","35",""
"-63.58","46.30","MAPLE PLAINS","8305500","2018-06-15","2018","06","15","","20.1","","5.3","","12.7","","5.3","","0.0","","","","","","0.2","","","","","","",""
"-63.58","46.30","MAPLE PLAINS","8305500","2018-06-16","2018","06","16","","20.9","","2.2","","11.5","","6.5","","0.0","","","","","","0.0","","","","1","","31",""
"-63.58","46.30","MAPLE PLAINS","8305500","2018-06-17","2018","06","17","","19.5","","1.0","","10.2","","7.8","","0.0","","","","","","1.0","","","","15","","44",""
"-63.58","46.30","MAPLE PLAINS","8305500","2018-06-18","2018","06","18","","15.9","","10.0","","13.0","","5.0","","0.0","","","","","","5.0","","","","18","","45",""
"-63.58","46.30","MAPLE PLAINS","8305500","2018-06-19","2018","06","19","","19.7","","11.9","","15.8","","2.2","","0.0","","","","","","7.0","","","","29","","48",""
"-63.58","46.30","MAPLE PLAINS","8305500","2018-06-20","2018","06","20","","24.4","","10.0","","17.2","","0.8","","0.0","","","","","","6.4","","","","20","","49",""
"-63.58","46.30","MAPLE PLAINS","8305500","2018-06-21","2018","06","21","","18.3","","3.3","","10.8","","7.2","","0.0","","","","","","1.0","","","","","","",""
"-63.58","46.30","MAPLE PLAINS","8305500","2018-06-22","2018","06","22","","22.2","","1.9","","12.0","","6.0","","0.0","","","","","","0.0","","","","","","",""
"-63.58","46.30","MAPLE PLAINS","8305500","2018-06-23","2018","06","23","","23.1","","10.0","","16.6","","1.4","","0.0","","","","","","0.0","","","","20","","39",""
"-63.58","46.30","MAPLE PLAINS","8305500","2018-06-24","2018","06","24","","20.1","","10.4","","15.2","","2.8","","0.0","","","","","","15.4","","","","1","","37",""
"-63.58","46.30","MAPLE PLAINS","8305500","2018-06-25","2018","06","25","","10.4","","7.3","","8.8","","9.2","","0.0","","","","","","22.2","","","","36","","42",""
"-63.58","46.30","MAPLE PLAINS","8305500","2018-06-26","2018","06","26","","19.0","","8.1","","13.5","","4.5","","0.0","","","","","","0.0","","","","36","","35",""
"-63.58","46.30","MAPLE PLAINS","8305500","2018-06-27","2018","06","27","","25.5","","8.5","","17.0","","1.0","","0.0","","","","","","0.0","","","","20","","42",""
"-63.58","46.30","MAPLE PLAINS","8305500","2018-06-28","2018","06","28","","22.4","","14.3","","18.3","","0.0","","0.3","","","","","","10.4","","","","21","","46",""
"-63.58","46.30","MAPLE PLAINS","8305500","2018-06-29","2018","06","29","","24.3","","14.3","","19.3","","0.0","","1.3","","","","","","20.8","","","","16","","38",""
"-63.58","46.30","MAPLE PLAINS","8305500","2018-06-30","2018","06","30","","27.7","","13.8","","20.7","","0.0","","2.7","","","","","","0.4","","","","","","",""
"-63.58","46.30","MAPLE PLAINS","8305500","2018-07-01","2018","07","01","","20.1","","10.9","","15.5","","2.5","","0.0","","","","","","0.2","","","","","","",""
"-63.58","46.30","MAPLE PLAINS","8305500","2018-07-02","2018","07","02","","25.1","","11.5","","18.3","","0.0","","0.3","","","","","","0.0","","","","","","",""
"-63.58","46.30","MAPLE PLAINS","8305500","2018-07-03","2018","07","03","","26.7","","16.0","","21.4","","0.0","","3.4","","","","","","0.0","","","","23","","39",""
"-63.58","46.30","MAPLE PLAINS","8305500","2018-07-04","2018","07","04","","30.7","","14.9","","22.8","","0.0","","4.8","","","","","","0.0","","","","","","",""
"-63.58","46.30","MAPLE PLAINS","8305500","2018-07-05","2018","07","05","","30.7","","13.1","","21.9","","0.0","","3.9","","","","","","0.0","","","","19","","38",""
"-63.58","46.30","MAPLE PLAINS","8305500","2018-07-06","2018","07","06","","21.7","","12.8","","17.3","","0.7","","0.0","","","","","","7.8","","","","25","","55",""
"-63.58","46.30","MAPLE PLAINS","8305500","2018-07-07","2018","07","07","","21.9","","12.4","","17.2","","0.8","","0.0","","","","","","0.0","","","","29","","36",""
"-63.58","46.30","MAPLE PLAINS","8305500","2018-07-08","2018","07","08","","25.9","","15.0","","20.4","","0.0","","2.4","","","","","","0.0","","","","20","","50",""
"-63.58","46.30","MAPLE PLAINS","8305500","2018-07-09","2018","07","09","","25.9","","15.0","","20.4","","0.0","","2.4","","","","","","0.0","","","","24","","57",""
"-63.58","46.30","MAPLE PLAINS","8305500","2018-07-10","2018","07","10","","27.7","","14.0","","20.8","","0.0","","2.8","","","","","","2.6","","","","","","",""
"-63.58","46.30","MAPLE PLAINS","8305500","2018-07-11","2018","07","11","","22.0","","9.0","","15.5","","2.5","","0.0","","","","","","0.0","","","","","","",""
"-63.58","46.30","MAPLE PLAINS","8305500","2018-07-12","2018","07","12","","19.9","","7.4","","13.6","","4.4","","0.0","","","","","","0.0","","","","3","","38",""
"-63.58","46.30","MAPLE PLAINS","8305500","2018-07-13","2018","07","13","","24.9","","6.9","","15.9","","2.1","","0.0","","","","","","0.0","","","","","","",""
"-63.58","46.30","MAPLE PLAINS","8305500","2018-07-14","2018","07","14","","25.1","","9.1","","17.1","","0.9","","0.0","","","","","","0.0","","","","","","",""
"-63.58","46.30","MAPLE PLAINS","8305500","2018-07-15","2018","07","15","","26.5","","15.0","","20.8","","0.0","","2.8","","","","","","0.0","","","","","","",""
"-63.58","46.30","MAPLE PLAINS","8305500","2018-07-16","2018","07","16","","28.7","","14.7","","21.7","","0.0","","3.7","","","","","","0.0","","","","","","",""
"-63.58","46.30","MAPLE PLAINS","8305500","2018-07-17","2018","07","17","","29.5","","15.5","","22.5","","0.0","","4.5","","","","","","0.2","","","","21","","38",""
"-63.58","46.30","MAPLE PLAINS","8305500","2018-07-18","2018","07","18","","24.2","","16.4","","20.3","","0.0","","2.3","","","","","","6.0","","","","20","","36",""
"-63.58","46.30","MAPLE PLAINS","8305500","2018-07-19","2018","07","19","","24.4","","13.3","","18.8","","0.0","","0.8","","","","","","0.0","","","","","","",""
"-63.58","46.30","MAPLE PLAINS","8305500","2018-07-20","2018","07","20","","29.5","","11.0","","20.3","","0.0","","2.3","","","","","","0.2","","","","","","",""
"-63.58","46.30","MAPLE PLAINS","8305500","2018-07-21","2018","07","21","","25.5","","12.7","","19.1","","0.0","","1.1","","","","","","0.2","","","","","","",""
"-63.58","46.30","MAPLE PLAINS","8305500","2018-07-22","2018","07","22","","29.0","","17.6","","23.3","","0.0","","5.3","","","","","","0.2","","","","","","",""
"-63.58","46.30","MAPLE PLAINS","8305500","2018-07-23","2018","07","23","","29.8","","20.5","","25.2","","0.0","","7.2","","","","","","0.0","","","","21","","40",""
"-63.58","46.30","MAPLE PLAINS","8305500","2018-07-24","2018","07","24","","29.0","","20.2","","24.6","","0.0","","6.6","","","","","","0.0","","","","23","","44",""
"-63.58","46.30","MAPLE PLAINS","8305500","2018-07-25","2018","07","25","","29.1","","20.1","","24.6","","0.0","","6.6","","","","","","0.0","","","","21","","49",""
"-63.58","46.30","MAPLE PLAINS","8305500","2018-07-26","2018","07","26","","24.9","","21.1","","23.0","","0.0","","5.0","","","","","","4.6","","","","16","","37",""
"-63.58","46.30","MAPLE PLAINS","8305500","2018-07-27","2018","07","27","","28.0","","18.9","","23.5","","0.0","","5.5","","","","","","0.2","","","","22","","36",""
"-63.58","46.30","MAPLE PLAINS","8305500","2018-07-28","2018","07","28","","29.6","","18.1","","23.8","","0.0","","5.8","","","","","","0.0","","","","","","",""
"-63.58","46.30","MAPLE PLAINS","8305500","2018-07-29","2018","07","29","","26.8","","16.4","","21.6","","0.0","","3.6","","","","","","4.8","","","","","","",""
"-63.58","46.30","MAPLE PLAINS","8305500","2018-07-30","2018","07","30","","27.6","","13.7","","20.6","","0.0","","2.6","","","","","","0.2","","","","29","","31",""
"-63.58","46.30","MAPLE PLAINS","8305500","2018-07-31","2018","07","31","","29.2","","12.4","","20.8","","0.0","","2.8","","","","","","0.0","","","","","","",""
"-63.58","46.30","MAPLE PLAINS","8305500","2018-08-01","2018","08","01","","31.8","","12.3","","22.0","","0.0","","4.0","","","","","","0.0","","","","","","",""
"-63.58","46.30","MAPLE PLAINS","8305500","2018-08-02","2018","08","02","","28.0","","18.8","","23.4","","0.0","","5.4","","","","","","1.6","","","","20","","37",""
"-63.58","46.30","MAPLE PLAINS","8305500","2018-08-03","2018","08","03","","30.4","","16.8","","23.6","","0.0","","5.6","","","","","","0.0","","","","","","",""
"-63.58","46.30","MAPLE PLAINS","8305500","2018-08-04","2018","08","04","","27.9","","18.6","","23.3","","0.0","","5.3","","","","","","5.0","","","","","","",""
"-63.58","46.30","MAPLE PLAINS","8305500","2018-08-05","2018","08","05","","21.1","","14.2","","17.7","","0.3","","0.0","","","","","","22.8","","","","26","","32",""
"-63.58","46.30","MAPLE PLAINS","8305500","2018-08-06","2018","08","06","","31.2","","14.1","","22.7","","0.0","","4.7","","","","","","0.0","","","","","","",""
"-63.58","46.30","MAPLE PLAINS","8305500","2018-08-07","2018","08","07","","29.8","","17.0","","23.4","","0.0","","5.4","","","","","","3.8","","","","23","","31",""
"-63.58","46.30","MAPLE PLAINS","8305500","2018-08-08","2018","08","08","","27.3","","16.5","","21.9","","0.0","","3.9","","","","","","0.0","","","","","","",""
"-63.58","46.30","MAPLE PLAINS","8305500","2018-08-09","2018","08","09","","22.7","","18.6","","20.6","","0.0","","2.6","","","","","","42.2","","","","19","","33",""
"-63.58","46.30","MAPLE PLAINS","8305500","2018-08-10","2018","08","10","","24.4","","9.8","","17.1","","0.9","","0.0","","","","","","6.8","","","","31","","41",""
"-63.58","46.30","MAPLE PLAINS","8305500","2018-08-11","2018","08","11","","26.6","","9.3","","17.9","","0.1","","0.0","","","","","","0.2","","","","","","",""
"-63.58","46.30","MAPLE PLAINS","8305500","2018-08-12","2018","08","12","","29.8","","13.2","","21.5","","0.0","","3.5","","","","","","0.0","","","","","","",""
"-63.58","46.30","MAPLE PLAINS","8305500","2018-08-13","2018","08","13","","28.6","","13.2","","20.9","","0.0","","2.9","","","","","","0.0","","","","","","",""
"-63.58","46.30","MAPLE PLAINS","8305500","2018-08-14","2018","08","14","","26.5","","16.1","","21.3","","0.0","","3.3","","","","","","0.0","","","","","","",""
"-63.58","46.30","MAPLE PLAINS","8305500","2018-08-15","2018","08","15","","27.3","","19.2","","23.3","","0.0","","5.3","","","","","","4.4","","","","22","","38",""
"-63.58","46.30","MAPLE PLAINS","8305500","2018-08-16","2018","08","16","","22.2","","15.1","","18.6","","0.0","","0.6","","","","","","0.2","","","","2","","33",""
"-63.58","46.30","MAPLE PLAINS","8305500","2018-08-17","2018","08","17","","23.0","","11.3","","17.2","","0.8","","0.0","","","","","","0.0","","","","","","",""
"-63.58","46.30","MAPLE PLAINS","8305500","2018-08-18","2018","08","18","","17.3","","14.0","","15.7","","2.3","","0.0","","","","","","69.0","","","","36","","31",""
"-63.58","46.30","MAPLE PLAINS","8305500","2018-08-19","2018","08","19","","22.1","","8.8","","15.5","","2.5","","0.0","","","","","","0.2","","","","4","","33",""
"-63.58","46.30","MAPLE PLAINS","8305500","2018-08-20","2018","08","20","","24.5","","8.9","","16.7","","1.3","","0.0","","","","","","0.0","","","","","","",""
"-63.58","46.30","MAPLE PLAINS","8305500","2018-08-21","2018","08","21","","24.4","","8.8","","16.6","","1.4","","0.0","","","","","","0.0","","","","","","",""
"-63.58","46.30","MAPLE PLAINS","8305500","2018-08-22","2018","08","22","","22.2","","15.6","","18.9","","0.0","","0.9","","","","","","2.8","","","","14","","37",""
"-63.58","46.30","MAPLE PLAINS","8305500","2018-08-23","2018","08","23","","24.4","","14.8","","19.6","","0.0","","1.6","","","","","","0.0","","","","20","","42",""
"-63.58","46.30","MAPLE PLAINS","8305500","2018-08-24","2018","08","24","","24.4","","13.4","","18.9","","0.0","","0.9","","","","","","0.0","","","","","","",""
"-63.58","46.30","MAPLE PLAINS","8305500","2018-08-25","2018","08","25","","26.5","","12.7","","19.6","","0.0","","1.6","","","","","","0.0","","","","23","","31",""
"-63.58","46.30","MAPLE PLAINS","8305500","2018-08-26","2018","08","26","","24.6","","12.1","","18.4","","0.0","","0.4","","","","","","0.0","","","","","","",""
"-63.58","46.30","MAPLE PLAINS","8305500","2018-08-27","2018","08","27","","26.3","","12.7","","19.5","","0.0","","1.5","","","","","","0.2","","","","","","",""
"-63.58","46.30","MAPLE PLAINS","8305500","2018-08-28","2018","08","28","","27.9","","12.2","","20.0","","0.0","","2.0","","","","","","0.0","","","","21","","38",""
"-63.58","46.30","MAPLE PLAINS","8305500","2018-08-29","2018","08","29","","26.6","","17.7","","22.1","","0.0","","4.1","","","","","","0.0","","","","34","","33",""
"-63.58","46.30","MAPLE PLAINS","8305500","2018-08-30","2018","08","30","","","M","","M","","M","","M","","M","","","","","0.0","","","","1","","32",""
"-63.58","46.30","MAPLE PLAINS","8305500","2018-08-31","2018","08","31","","","M","","M","","M","","M","","M","","","","","0.0","","","","4","","32",""
"-63.58","46.30","MAPLE PLAINS","8305500","2018-09-01","2018","09","01","","","M","","M","","M","","M","","M","","","","","0.0","","","","","","",""
"-63.58","46.30","MAPLE PLAINS","8305500","2018-09-02","2018","09","02","","24.2","","14.5","","19.3","","0.0","","1.3","","","","","","0.0","","","","20","","36",""
"-63.58","46.30","MAPLE PLAINS","8305500","2018-09-03","2018","09","03","","25.2","","15.4","","20.3","","0.0","","2.3","","","","","","5.2","","","","18","","42",""
"-63.58","46.30","MAPLE PLAINS","8305500","2018-09-04","2018","09","04","","","M","","M","","M","","M","","M","","","","","1.6","","","","36","","34",""
"-63.58","46.30","MAPLE PLAINS","8305500","2018-09-05","2018","09","05","","","M","","M","","M","","M","","M","","","","","0.0","","","","","","",""
"-63.58","46.30","MAPLE PLAINS","8305500","2018-09-06","2018","09","06","","25.6","","8.5","","17.1","","0.9","","0.0","","","","","","0.0","","","","23","","51",""
"-63.58","46.30","MAPLE PLAINS","8305500","2018-09-07","2018","09","07","","","M","","M","","M","","M","","M","","","","","0.0","","","","","","",""
"-63.58","46.30","MAPLE PLAINS","8305500","2018-09-08","2018","09","08","","","M","","M","","M","","M","","M","","","","","0.0","","","","1","","31",""
"-63.58","46.30","MAPLE PLAINS","8305500","2018-09-09","2018","09","09","","","M","","M","","M","","M","","M","","","","","","M","","","","","",""
"-63.58","46.30","MAPLE PLAINS","8305500","2018-09-10","2018","09","10","","","M","","M","","M","","M","","M","","","","","","M","","","","","",""
"-63.58","46.30","MAPLE PLAINS","8305500","2018-09-11","2018","09","11","","18.5","","10.0","","14.3","","3.7","","0.0","","","","","","13.0","","","","15","","42",""
"-63.58","46.30","MAPLE PLAINS","8305500","2018-09-12","2018","09","12","","","M","","M","","M","","M","","M","","","","","0.0","","","","","","",""
"-63.58","46.30","MAPLE PLAINS","8305500","2018-09-13","2018","09","13","","","M","","M","","M","","M","","M","","","","","0.0","","","","","","",""
"-63.58","46.30","MAPLE PLAINS","8305500","2018-09-14","2018","09","14","","","M","","M","","M","","M","","M","","","","","0.0","","","","","","",""
"-63.58","46.30","MAPLE PLAINS","8305500","2018-09-15","2018","09","15","","","M","","M","","M","","M","","M","","","","","0.0","","","","21","","33",""
"-63.58","46.30","MAPLE PLAINS","8305500","2018-09-16","2018","09","16","","","M","","M","","M","","M","","M","","","","","0.0","","","","","","",""
"-63.58","46.30","MAPLE PLAINS","8305500","2018-09-17","2018","09","17","","","M","","M","","M","","M","","M","","","","","0.4","","","","23","","42",""
"-63.58","46.30","MAPLE PLAINS","8305500","2018-09-18","2018","09","18","","19.8","","11.6","","15.7","","2.3","","0.0","","","","","","7.2","","","","1","","35",""
"-63.58","46.30","MAPLE PLAINS","8305500","2018-09-19","2018","09","19","","","M","","M","","M","","M","","M","","","","","","M","","","9","","34",""
"-63.58","46.30","MAPLE PLAINS","8305500","2018-09-20","2018","09","20","","","M","","M","","M","","M","","M","","","","","","","","","","","",""
"-63.58","46.30","MAPLE PLAINS","8305500","2018-09-21","2018","09","21","","","M","","M","","M","","M","","M","","","","","","","","","21","","56",""
"-63.58","46.30","MAPLE PLAINS","8305500","2018-09-22","2018","09","22","","","M","","M","","M","","M","","M","","","","","","","","","23","","61",""
"-63.58","46.30","MAPLE PLAINS","8305500","2018-09-23","2018","09","23","","","M","","M","","M","","M","","M","","","","","","","","","","M","34",""
"-63.58","46.30","MAPLE PLAINS","8305500","2018-09-24","2018","09","24","","","M","","M","","M","","M","","M","","","","","","","","","","","",""
"-63.58","46.30","MAPLE PLAINS","8305500","2018-09-25","2018","09","25","","","M","","M","","M","","M","","M","","","","","","","","","17","","43",""
"-63.58","46.30","MAPLE PLAINS","8305500","2018-09-26","2018","09","26","","","M","","M","","M","","M","","M","","","","","","","","","17","","48",""
"-63.58","46.30","MAPLE PLAINS","8305500","2018-09-27","2018","09","27","","","M","","M","","M","","M","","M","","","","","","","","","31","","44",""
"-63.58","46.30","MAPLE PLAINS","8305500","2018-09-28","2018","09","28","","","M","","M","","M","","M","","M","","","","","","","","","","","",""
"-63.58","46.30","MAPLE PLAINS","8305500","2018-09-29","2018","09","29","","","M","","M","","M","","M","","M","","","","","","","","","","","",""
"-63.58","46.30","MAPLE PLAINS","8305500","2018-09-30","2018","09","30","","","M","","M","","M","","M","","M","","","","","","","","","","","",""
"-63.58","46.30","MAPLE PLAINS","8305500","2018-10-01","2018","10","01","","","M","","M","","M","","M","","M","","","","","","","","","26","","39",""
"-63.58","46.30","MAPLE PLAINS","8305500","2018-10-02","2018","10","02","","","M","","M","","M","","M","","M","","","","","","","","","14","","41",""
"-63.58","46.30","MAPLE PLAINS","8305500","2018-10-03","2018","10","03","","","M","","M","","M","","M","","M","","","","","","","","","13","","53",""
"-63.58","46.30","MAPLE PLAINS","8305500","2018-10-04","2018","10","04","","","M","","M","","M","","M","","M","","","","","","","","","15","","36",""
"-63.58","46.30","MAPLE PLAINS","8305500","2018-10-05","2018","10","05","","","M","","M","","M","","M","","M","","","","","","","","","36","","38",""
"-63.58","46.30","MAPLE PLAINS","8305500","2018-10-06","2018","10","06","","","M","","M","","M","","M","","M","","","","","","","","","","","",""
"-63.58","46.30","MAPLE PLAINS","8305500","2018-10-07","2018","10","07","","","M","","M","","M","","M","","M","","","","","","","","","1","","35",""
"-63.58","46.30","MAPLE PLAINS","8305500","2018-10-08","2018","10","08","","","M","","M","","M","","M","","M","","","","","","","","","","","",""
"-63.58","46.30","MAPLE PLAINS","8305500","2018-10-09","2018","10","09","","","M","","M","","M","","M","","M","","","","","","","","","23","","44",""
"-63.58","46.30","MAPLE PLAINS","8305500","2018-10-10","2018","10","10","","","M","","M","","M","","M","","M","","","","","","","","","","","",""
"-63.58","46.30","MAPLE PLAINS","8305500","2018-10-11","2018","10","11","","","M","","M","","M","","M","","M","","","","","","","","","12","","40",""
"-63.58","46.30","MAPLE PLAINS","8305500","2018-10-12","2018","10","12","","","M","","M","","M","","M","","M","","","","","","","","","12","","39",""
"-63.58","46.30","MAPLE PLAINS","8305500","2018-10-13","2018","10","13","","","M","","M","","M","","M","","M","","","","","","","","","","","",""
"-63.58","46.30","MAPLE PLAINS","8305500","2018-10-14","2018","10","14","","","M","","M","","M","","M","","M","","","","","","","","","27","","45",""
"-63.58","46.30","MAPLE PLAINS","8305500","2018-10-15","2018","10","15","","","M","","M","","M","","M","","M","","","","","","","","","16","","49",""
"-63.58","46.30","MAPLE PLAINS","8305500","2018-10-16","2018","10","16","","","M","","M","","M","","M","","M","","","","","","","","","25","","76",""
"-63.58","46.30","MAPLE PLAINS","8305500","2018-10-17","2018","10","17","","","M","","M","","M","","M","","M","","","","","","","","","21","","38",""
"-63.58","46.30","MAPLE PLAINS","8305500","2018-10-18","2018","10","18","","","M","","M","","M","","M","","M","","","","","","","","","31","","50",""
"-63.58","46.30","MAPLE PLAINS","8305500","2018-10-19","2018","10","19","","","M","","M","","M","","M","","M","","","","","","","","","28","","42",""
"-63.58","46.30","MAPLE PLAINS","8305500","2018-10-20","2018","10","20","","","M","","M","","M","","M","","M","","","","","","","","","17","","48",""
"-63.58","46.30","MAPLE PLAINS","8305500","2018-10-21","2018","10","21","","","M","","M","","M","","M","","M","","","","","","","","","","","",""
"-63.58","46.30","MAPLE PLAINS","8305500","2018-10-22","2018","10","22","","","M","","M","","M","","M","","M","","","","","","","","","25","","45",""
"-63.58","46.30","MAPLE PLAINS","8305500","2018-10-23","2018","10","23","","","M","","M","","M","","M","","M","","","","","","","","","24","","33",""
"-63.58","46.30","MAPLE PLAINS","8305500","2018-10-24","2018","10","24","","","M","","M","","M","","M","","M","","","","","","","","","8","","59",""
"-63.58","46.30","MAPLE PLAINS","8305500","2018-10-25","2018","10","25","","","M","","M","","M","","M","","M","","","","","","","","","28","","45",""
"-63.58","46.30","MAPLE PLAINS","8305500","2018-10-26","2018","10","26","","","M","","M","","M","","M","","M","","","","","","","","","27","","50",""
"-63.58","46.30","MAPLE PLAINS","8305500","2018-10-27","2018","10","27","","","M","","M","","M","","M","","M","","","","","","","","","4","","46",""
"-63.58","46.30","MAPLE PLAINS","8305500","2018-10-28","2018","10","28","","","M","","M","","M","","M","","M","","","","","","","","","8","","60",""
"-63.58","46.30","MAPLE PLAINS","8305500","2018-10-29","2018","10","29","","","M","","M","","M","","M","","M","","","","","","","","","","","",""
"-63.58","46.30","MAPLE PLAINS","8305500","2018-10-30","2018","10","30","","","M","","M","","M","","M","","M","","","","","","","","","","","",""
"-63.58","46.30","MAPLE PLAINS","8305500","2018-10-31","2018","10","31","","","M","","M","","M","","M","","M","","","","","","","","","","","",""
"-63.58","46.30","MAPLE PLAINS","8305500","2018-11-01","2018","11","01","","","M","","M","","M","","M","","M","","","","","","","","","","","",""
"-63.58","46.30","MAPLE PLAINS","8305500","2018-11-02","2018","11","02","","","M","","M","","M","","M","","M","","","","","","","","","8","","35",""
"-63.58","46.30","MAPLE PLAINS","8305500","2018-11-03","2018","11","03","","","M","","M","","M","","M","","M","","","","","","","","","25","","83",""
"-63.58","46.30","MAPLE PLAINS","8305500","2018-11-04","2018","11","04","","","M","","M","","M","","M","","M","","","","","","","","","27","","68",""
"-63.58","46.30","MAPLE PLAINS","8305500","2018-11-05","2018","11","05","","","M","","M","","M","","M","","M","","","","","","","","","","","",""
"-63.58","46.30","MAPLE PLAINS","8305500","2018-11-06","2018","11","06","","","M","","M","","M","","M","","M","","","","","","","","","13","","47",""
"-63.58","46.30","MAPLE PLAINS","8305500","2018-11-07","2018","11","07","","","M","","M","","M","","M","","M","","","","","","","","","20","","48",""
"-63.58","46.30","MAPLE PLAINS","8305500","2018-11-08","2018","11","08","","","M","","M","","M","","M","","M","","","","","","","","","27","","52",""
"-63.58","46.30","MAPLE PLAINS","8305500","2018-11-09","2018","11","09","","","M","","M","","M","","M","","M","","","","","","","","","30","","35",""
"-63.58","46.30","MAPLE PLAINS","8305500","2018-11-10","2018","11","10","","","M","","M","","M","","M","","M","","","","","","","","","10","","61",""
"-63.58","46.30","MAPLE PLAINS","8305500","2018-11-11","2018","11","11","","","M","","M","","M","","M","","M","","","","","","","","","27","","75",""
"-63.58","46.30","MAPLE PLAINS","8305500","2018-11-12","2018","11","12","","","M","","M","","M","","M","","M","","","","","","","","","29","","50",""
"-63.58","46.30","MAPLE PLAINS","8305500","2018-11-13","2018","11","13","","","M","","M","","M","","M","","M","","","","","","","","","12","","56",""
"-63.58","46.30","MAPLE PLAINS","8305500","2018-11-14","2018","11","14","","","M","","M","","M","","M","","M","","","","","","","","","28","","84",""
"-63.58","46.30","MAPLE PLAINS","8305500","2018-11-15","2018","11","15","","","M","","M","","M","","M","","M","","","","","","","","","28","","63",""
"-63.58","46.30","MAPLE PLAINS","8305500","2018-11-16","2018","11","16","","","M","","M","","M","","M","","M","","","","","","","","","6","","54",""
"-63.58","46.30","MAPLE PLAINS","8305500","2018-11-17","2018","11","17","","","M","","M","","M","","M","","M","","","","","","","","","28","","32",""
"-63.58","46.30","MAPLE PLAINS","8305500","2018-11-18","2018","11","18","","","M","","M","","M","","M","","M","","","","","","","","","","","",""
"-63.58","46.30","MAPLE PLAINS","8305500","2018-11-19","2018","11","19","","","M","","M","","M","","M","","M","","","","","","","","","","","",""
"-63.58","46.30","MAPLE PLAINS","8305500","2018-11-20","2018","11","20","","","M","","M","","M","","M","","M","","","","","","","","","3","","32",""
"-63.58","46.30","MAPLE PLAINS","8305500","2018-11-21","2018","11","21","","","M","","M","","M","","M","","M","","","","","","","","","3","","37",""
"-63.58","46.30","MAPLE PLAINS","8305500","2018-11-22","2018","11","22","","","M","","M","","M","","M","","M","","","","","","","","","30","","47",""
"-63.58","46.30","MAPLE PLAINS","8305500","2018-11-23","2018","11","23","","","M","","M","","M","","M","","M","","","","","","","","","30","","56",""
"-63.58","46.30","MAPLE PLAINS","8305500","2018-11-24","2018","11","24","","","M","","M","","M","","M","","M","","","","","","","","","26","","45",""
"-63.58","46.30","MAPLE PLAINS","8305500","2018-11-25","2018","11","25","","","M","","M","","M","","M","","M","","","","","","","","","","","",""
"-63.58","46.30","MAPLE PLAINS","8305500","2018-11-26","2018","11","26","","","M","","M","","M","","M","","M","","","","","","","","","1","","33",""
"-63.58","46.30","MAPLE PLAINS","8305500","2018-11-27","2018","11","27","","","M","","M","","M","","M","","M","","","","","","","","","10","","55",""
"-63.58","46.30","MAPLE PLAINS","8305500","2018-11-28","2018","11","28","","","M","","M","","M","","M","","M","","","","","","","","","1","","60",""
"-63.58","46.30","MAPLE PLAINS","8305500","2018-11-29","2018","11","29","","","M","","M","","M","","M","","M","","","","","","","","","35","","80",""
"-63.58","46.30","MAPLE PLAINS","8305500","2018-11-30","2018","11","30","","","M","","M","","M","","M","","M","","","","","","","","","36","","47",""
"-63.58","46.30","MAPLE PLAINS","8305500","2018-12-01","2018","12","01","","","M","","M","","M","","M","","M","","","","","","","","","","","",""
"-63.58","46.30","MAPLE PLAINS","8305500","2018-12-02","2018","12","02","","","M","","M","","M","","M","","M","","","","","","","","","15","","59",""
"-63.58","46.30","MAPLE PLAINS","8305500","2018-12-03","2018","12","03","","","M","","M","","M","","M","","M","","","","","","","","","15","","50",""
"-63.58","46.30","MAPLE PLAINS","8305500","2018-12-04","2018","12","04","","","M","","M","","M","","M","","M","","","","","","","","","31","","35",""
"-63.58","46.30","MAPLE PLAINS","8305500","2018-12-05","2018","12","05","","","M","","M","","M","","M","","M","","","","","","","","","","","",""
"-63.58","46.30","MAPLE PLAINS","8305500","2018-12-06","2018","12","06","","","M","","M","","M","","M","","M","","","","","","","","","","","",""
"-63.58","46.30","MAPLE PLAINS","8305500","2018-12-07","2018","12","07","","","M","","M","","M","","M","","M","","","","","","","","","","","",""
"-63.58","46.30","MAPLE PLAINS","8305500","2018-12-08","2018","12","08","","","M","","M","","M","","M","","M","","","","","","","","","31","","32",""
"-63.58","46.30","MAPLE PLAINS","8305500","2018-12-09","2018","12","09","","","M","","M","","M","","M","","M","","","","","","","","","29","","40",""
"-63.58","46.30","MAPLE PLAINS","8305500","2018-12-10","2018","12","10","","","M","","M","","M","","M","","M","","","","","","","","","","","",""
"-63.58","46.30","MAPLE PLAINS","8305500","2018-12-11","2018","12","11","","","M","","M","","M","","M","","M","","","","","","","","","","","",""
"-63.58","46.30","MAPLE PLAINS","8305500","2018-12-12","2018","12","12","","","M","","M","","M","","M","","M","","","","","","","","","35","","48",""
"-63.58","46.30","MAPLE PLAINS","8305500","2018-12-13","2018","12","13","","","M","","M","","M","","M","","M","","","","","","","","","30","","32",""
"-63.58","46.30","MAPLE PLAINS","8305500","2018-12-14","2018","12","14","","","M","","M","","M","","M","","M","","","","","","","","","27","","33",""
"-63.58","46.30","MAPLE PLAINS","8305500","2018-12-15","2018","12","15","","","M","","M","","M","","M","","M","","","","","","","","","29","","34",""
"-63.58","46.30","MAPLE PLAINS","8305500","2018-12-16","2018","12","16","","","M","","M","","M","","M","","M","","","","","","","","","","","",""
"-63.58","46.30","MAPLE PLAINS","8305500","2018-12-17","2018","12","17","","","M","","M","","M","","M","","M","","","","","","","","","6","","43",""
"-63.58","46.30","MAPLE PLAINS","8305500","2018-12-18","2018","12","18","","","M","","M","","M","","M","","M","","","","","","","","","33","","53",""
"-63.58","46.30","MAPLE PLAINS","8305500","2018-12-19","2018","12","19","","","M","","M","","M","","M","","M","","","","","","","","","29","","48",""
"-63.58","46.30","MAPLE PLAINS","8305500","2018-12-20","2018","12","20","","","M","","M","","M","","M","","M","","","","","","","","","27","","31",""
"-63.58","46.30","MAPLE PLAINS","8305500","2018-12-21","2018","12","21","","","M","","M","","M","","M","","M","","","","","","M","","","15","","57",""
"-63.58","46.30","MAPLE PLAINS","8305500","2018-12-22","2018","12","22","","12.1","","4.9","","8.5","","9.5","","0.0","","","","","","15.8","","","","15","","57",""
"-63.58","46.30","MAPLE PLAINS","8305500","2018-12-23","2018","12","23","","4.9","","-6.8","","-1.0","","19.0","","0.0","","","","","","","M","","","27","","51",""
"-63.58","46.30","MAPLE PLAINS","8305500","2018-12-24","2018","12","24","","-6.3","","-13.3","","-9.8","","27.8","","0.0","","","","","","","","","","","","",""
"-63.58","46.30","MAPLE PLAINS","8305500","2018-12-25","2018","12","25","","-8.8","","-11.7","","-10.3","","28.3","","0.0","","","","","","","","","","28","","32",""
"-63.58","46.30","MAPLE PLAINS","8305500","2018-12-26","2018","12","26","","-5.6","","-10.7","","-8.1","","26.1","","0.0","","","","","","","","","","27","","31",""
"-63.58","46.30","MAPLE PLAINS","8305500","2018-12-27","2018","12","27","","-8.7","","-11.9","","-10.3","","28.3","","0.0","","","","","","","","","","29","","46",""
"-63.58","46.30","MAPLE PLAINS","8305500","2018-12-28","2018","12","28","","0.2","","-12.9","","-6.3","","24.3","","0.0","","","","","","","","","","15","","53",""
"-63.58","46.30","MAPLE PLAINS","8305500","2018-12-29","2018","12","29","","2.1","","-6.7","","-2.3","","20.3","","0.0","","","","","","","M","","","31","","48",""
"-63.58","46.30","MAPLE PLAINS","8305500","2018-12-30","2018","12","30","","-6.7","","-15.9","","-11.3","","29.3","","0.0","","","","","","","","","","32","","44",""
"-63.58","46.30","MAPLE PLAINS","8305500","2018-12-31","2018","12","31","","-6.2","","-18.0","","-12.1","","30.1","","0.0","","","","","","","","","","","","",""
