"Longitude (x)","Latitude (y)","Station Name","Climate ID","Date/Time (LST)","Year","Month","Day","Time (LST)","Temp (°C)","Temp Flag","Dew Point Temp (°C)","Dew Point Temp Flag","Rel Hum (%)","Rel Hum Flag","Precip. Amount (mm)","Precip. Amount Flag","Wind Dir (10s deg)","Wind Dir Flag","Wind Spd (km/h)","Wind Spd Flag","Visibility (km)","Visibility Flag","Stn Press (kPa)","Stn Press Flag","Hmdx","Hmdx Flag","Wind Chill","Wind Chill Flag","Weather"
"-64.32","48.42","CAP-D'ESPOIR","7051050","2020-02-01 00:00","2020","02","01","00:00","","M","","M","","M","","M","29","","11","","","","101.86","","","","","","NA"
"-64.32","48.42","CAP-D'ESPOIR","7051050","2020-02-01 01:00","2020","02","01","01:00","","M","","M","","M","","M","30","","11","","","","101.85","","","","","","NA"
"-64.32","48.42","CAP-D'ESPOIR","7051050","2020-02-01 02:00","2020","02","01","02:00","","M","","M","","M","","M","30","","12","","","","101.86","","","","","","NA"
"-64.32","48.42","CAP-D'ESPOIR","7051050","2020-02-01 03:00","2020","02","01","03:00","","M","","M","","M","","M","31","","13","","","","101.81","","","","","","NA"
"-64.32","48.42","CAP-D'ESPOIR","7051050","2020-02-01 04:00","2020","02","01","04:00","","M","","M","","M","","M","31","","12","","","","101.78","","","","","","NA"
"-64.32","48.42","CAP-D'ESPOIR","7051050","2020-02-01 05:00","2020","02","01","05:00","","M","","M","","M","","M","33","","9","","","","101.70","","","","","","NA"
"-64.32","48.42","CAP-D'ESPOIR","7051050","2020-02-01 06:00","2020","02","01","06:00","","M","","M","","M","","M","11","","2","","","","101.73","","","","","","NA"
"-64.32","48.42","CAP-D'ESPOIR","7051050","2020-02-01 07:00","2020","02","01","07:00","","M","","M","","M","","M","25","","4","","","","101.76","","","","","","NA"
"-64.32","48.42","CAP-D'ESPOIR","7051050","2020-02-01 08:00","2020","02","01","08:00","","M","","M","","M","","M","24","","4","","","","101.73","","","","","","NA"
"-64.32","48.42","CAP-D'ESPOIR","7051050","2020-02-01 09:00","2020","02","01","09:00","","M","","M","","M","","M","25","","6","","","","101.72","","","","","","NA"
"-64.32","48.42","CAP-D'ESPOIR","7051050","2020-02-01 10:00","2020","02","01","10:00","","M","","M","","M","","M","24","","7","","","","101.62","","","","","","NA"
"-64.32","48.42","CAP-D'ESPOIR","7051050","2020-02-01 11:00","2020","02","01","11:00","","M","","M","","M","","M","27","","7","","","","101.52","","","","","","NA"
"-64.32","48.42","CAP-D'ESPOIR","7051050","2020-02-01 12:00","2020","02","01","12:00","","M","","M","","M","","M","22","","13","","","","101.42","","","","","","NA"
"-64.32","48.42","CAP-D'ESPOIR","7051050","2020-02-01 13:00","2020","02","01","13:00","","M","","M","","M","","M","24","","10","","","","101.32","","","","","","NA"
"-64.32","48.42","CAP-D'ESPOIR","7051050","2020-02-01 14:00","2020","02","01","14:00","","M","","M","","M","","M","22","","13","","","","101.21","","","","","","NA"
"-64.32","48.42","CAP-D'ESPOIR","7051050","2020-02-01 15:00","2020","02","01","15:00","","M","","M","","M","","M","23","","12","","","","101.16","","","","","","NA"
"-64.32","48.42","CAP-D'ESPOIR","7051050","2020-02-01 16:00","2020","02","01","16:00","","M","","M","","M","","M","22","","6","","","","101.03","","","","","","NA"
"-64.32","48.42","CAP-D'ESPOIR","7051050","2020-02-01 17:00","2020","02","01","17:00","","M","","M","","M","","M","22","","7","","","","101.03","","","","","","NA"
"-64.32","48.42","CAP-D'ESPOIR","7051050","2020-02-01 18:00","2020","02","01","18:00","","M","","M","","M","","M","26","","7","","","","100.96","","","","","","NA"
"-64.32","48.42","CAP-D'ESPOIR","7051050","2020-02-01 19:00","2020","02","01","19:00","","M","","M","","M","","M","28","","8","","","","100.90","","","","","","NA"
"-64.32","48.42","CAP-D'ESPOIR","7051050","2020-02-01 20:00","2020","02","01","20:00","","M","","M","","M","","M","28","","6","","","","100.87","","","","","","NA"
"-64.32","48.42","CAP-D'ESPOIR","7051050","2020-02-01 21:00","2020","02","01","21:00","","M","","M","","M","","M","29","","8","","","","100.80","","","","","","NA"
"-64.32","48.42","CAP-D'ESPOIR","7051050","2020-02-01 22:00","2020","02","01","22:00","","M","","M","","M","","M","30","","8","","","","100.65","","","","","","NA"
"-64.32","48.42","CAP-D'ESPOIR","7051050","2020-02-01 23:00","2020","02","01","23:00","","M","","M","","M","","M","32","","6","","","","100.58","","","","","","NA"
"-64.32","48.42","CAP-D'ESPOIR","7051050","2020-02-02 00:00","2020","02","02","00:00","","M","","M","","M","","M","1","","3","","","","100.44","","","","","","NA"
"-64.32","48.42","CAP-D'ESPOIR","7051050","2020-02-02 01:00","2020","02","02","01:00","","M","","M","","M","","M","5","","7","","","","100.31","","","","","","NA"
"-64.32","48.42","CAP-D'ESPOIR","7051050","2020-02-02 02:00","2020","02","02","02:00","","M","","M","","M","","M","5","","17","","","","100.21","","","","","","NA"
"-64.32","48.42","CAP-D'ESPOIR","7051050","2020-02-02 03:00","2020","02","02","03:00","","M","","M","","M","","M","1","","11","","","","100.12","","","","","","NA"
"-64.32","48.42","CAP-D'ESPOIR","7051050","2020-02-02 04:00","2020","02","02","04:00","","M","","M","","M","","M","1","","12","","","","100.06","","","","","","NA"
"-64.32","48.42","CAP-D'ESPOIR","7051050","2020-02-02 05:00","2020","02","02","05:00","","M","","M","","M","","M","2","","18","","","","99.93","","","","","","NA"
"-64.32","48.42","CAP-D'ESPOIR","7051050","2020-02-02 06:00","2020","02","02","06:00","","M","","M","","M","","M","1","","22","","","","99.83","","","","","","NA"
"-64.32","48.42","CAP-D'ESPOIR","7051050","2020-02-02 07:00","2020","02","02","07:00","","M","","M","","M","","M","1","","25","","","","99.73","","","","","","NA"
"-64.32","48.42","CAP-D'ESPOIR","7051050","2020-02-02 08:00","2020","02","02","08:00","","M","","M","","M","","M","1","","26","","","","99.67","","","","","","NA"
"-64.32","48.42","CAP-D'ESPOIR","7051050","2020-02-02 09:00","2020","02","02","09:00","","M","","M","","M","","M","1","","24","","","","99.60","","","","","","NA"
"-64.32","48.42","CAP-D'ESPOIR","7051050","2020-02-02 10:00","2020","02","02","10:00","","M","","M","","M","","M","1","","24","","","","99.49","","","","","","NA"
"-64.32","48.42","CAP-D'ESPOIR","7051050","2020-02-02 11:00","2020","02","02","11:00","","M","","M","","M","","M","36","","24","","","","99.36","","","","","","NA"
"-64.32","48.42","CAP-D'ESPOIR","7051050","2020-02-02 12:00","2020","02","02","12:00","","M","","M","","M","","M","36","","17","","","","99.26","","","","","","NA"
"-64.32","48.42","CAP-D'ESPOIR","7051050","2020-02-02 13:00","2020","02","02","13:00","","M","","M","","M","","M","35","","18","","","","99.14","","","","","","NA"
"-64.32","48.42","CAP-D'ESPOIR","7051050","2020-02-02 14:00","2020","02","02","14:00","","M","","M","","M","","M","35","","15","","","","99.09","","","","","","NA"
"-64.32","48.42","CAP-D'ESPOIR","7051050","2020-02-02 15:00","2020","02","02","15:00","","M","","M","","M","","M","35","","14","","","","99.04","","","","","","NA"
"-64.32","48.42","CAP-D'ESPOIR","7051050","2020-02-02 16:00","2020","02","02","16:00","","M","","M","","M","","M","35","","13","","","","99.01","","","","","","NA"
"-64.32","48.42","CAP-D'ESPOIR","7051050","2020-02-02 17:00","2020","02","02","17:00","","M","","M","","M","","M","34","","8","","","","99.03","","","","","","NA"
"-64.32","48.42","CAP-D'ESPOIR","7051050","2020-02-02 18:00","2020","02","02","18:00","","M","","M","","M","","M","31","","8","","","","99.01","","","","","","NA"
"-64.32","48.42","CAP-D'ESPOIR","7051050","2020-02-02 19:00","2020","02","02","19:00","","M","","M","","M","","M","28","","8","","","","98.99","","","","","","NA"
"-64.32","48.42","CAP-D'ESPOIR","7051050","2020-02-02 20:00","2020","02","02","20:00","","M","","M","","M","","M","26","","7","","","","98.94","","","","","","NA"
"-64.32","48.42","CAP-D'ESPOIR","7051050","2020-02-02 21:00","2020","02","02","21:00","","M","","M","","M","","M","27","","9","","","","98.86","","","","","","NA"
"-64.32","48.42","CAP-D'ESPOIR","7051050","2020-02-02 22:00","2020","02","02","22:00","","M","","M","","M","","M","27","","9","","","","98.81","","","","","","NA"
"-64.32","48.42","CAP-D'ESPOIR","7051050","2020-02-02 23:00","2020","02","02","23:00","","M","","M","","M","","M","26","","13","","","","98.77","","","","","","NA"
"-64.32","48.42","CAP-D'ESPOIR","7051050","2020-02-03 00:00","2020","02","03","00:00","","M","","M","","M","","M","25","","13","","","","98.73","","","","","","NA"
"-64.32","48.42","CAP-D'ESPOIR","7051050","2020-02-03 01:00","2020","02","03","01:00","","M","","M","","M","","M","25","","11","","","","98.71","","","","","","NA"
"-64.32","48.42","CAP-D'ESPOIR","7051050","2020-02-03 02:00","2020","02","03","02:00","","M","","M","","M","","M","33","","8","","","","98.75","","","","","","NA"
"-64.32","48.42","CAP-D'ESPOIR","7051050","2020-02-03 03:00","2020","02","03","03:00","","M","","M","","M","","M","24","","7","","","","98.75","","","","","","NA"
"-64.32","48.42","CAP-D'ESPOIR","7051050","2020-02-03 04:00","2020","02","03","04:00","","M","","M","","M","","M","31","","11","","","","98.79","","","","","","NA"
"-64.32","48.42","CAP-D'ESPOIR","7051050","2020-02-03 05:00","2020","02","03","05:00","","M","","M","","M","","M","29","","8","","","","98.82","","","","","","NA"
"-64.32","48.42","CAP-D'ESPOIR","7051050","2020-02-03 06:00","2020","02","03","06:00","","M","","M","","M","","M","26","","11","","","","98.90","","","","","","NA"
"-64.32","48.42","CAP-D'ESPOIR","7051050","2020-02-03 07:00","2020","02","03","07:00","","M","","M","","M","","M","26","","11","","","","98.98","","","","","","NA"
"-64.32","48.42","CAP-D'ESPOIR","7051050","2020-02-03 08:00","2020","02","03","08:00","","M","","M","","M","","M","28","","8","","","","99.02","","","","","","NA"
"-64.32","48.42","CAP-D'ESPOIR","7051050","2020-02-03 09:00","2020","02","03","09:00","","M","","M","","M","","M","28","","15","","","","99.08","","","","","","NA"
"-64.32","48.42","CAP-D'ESPOIR","7051050","2020-02-03 10:00","2020","02","03","10:00","","M","","M","","M","","M","30","","12","","","","99.06","","","","","","NA"
"-64.32","48.42","CAP-D'ESPOIR","7051050","2020-02-03 11:00","2020","02","03","11:00","","M","","M","","M","","M","31","","23","","","","99.06","","","","","","NA"
"-64.32","48.42","CAP-D'ESPOIR","7051050","2020-02-03 12:00","2020","02","03","12:00","","M","","M","","M","","M","31","","20","","","","99.07","","","","","","NA"
"-64.32","48.42","CAP-D'ESPOIR","7051050","2020-02-03 13:00","2020","02","03","13:00","","M","","M","","M","","M","30","","16","","","","99.08","","","","","","NA"
"-64.32","48.42","CAP-D'ESPOIR","7051050","2020-02-03 14:00","2020","02","03","14:00","","M","","M","","M","","M","27","","4","","","","99.13","","","","","","NA"
"-64.32","48.42","CAP-D'ESPOIR","7051050","2020-02-03 15:00","2020","02","03","15:00","","M","","M","","M","","M","27","","19","","","","99.22","","","","","","NA"
"-64.32","48.42","CAP-D'ESPOIR","7051050","2020-02-03 16:00","2020","02","03","16:00","","M","","M","","M","","M","26","","12","","","","99.32","","","","","","NA"
"-64.32","48.42","CAP-D'ESPOIR","7051050","2020-02-03 17:00","2020","02","03","17:00","","M","","M","","M","","M","29","","9","","","","99.42","","","","","","NA"
"-64.32","48.42","CAP-D'ESPOIR","7051050","2020-02-03 18:00","2020","02","03","18:00","","M","","M","","M","","M","27","","10","","","","99.54","","","","","","NA"
"-64.32","48.42","CAP-D'ESPOIR","7051050","2020-02-03 19:00","2020","02","03","19:00","","M","","M","","M","","M","25","","6","","","","99.61","","","","","","NA"
"-64.32","48.42","CAP-D'ESPOIR","7051050","2020-02-03 20:00","2020","02","03","20:00","","M","","M","","M","","M","26","","11","","","","99.67","","","","","","NA"
"-64.32","48.42","CAP-D'ESPOIR","7051050","2020-02-03 21:00","2020","02","03","21:00","","M","","M","","M","","M","26","","12","","","","99.72","","","","","","NA"
"-64.32","48.42","CAP-D'ESPOIR","7051050","2020-02-03 22:00","2020","02","03","22:00","","M","","M","","M","","M","26","","11","","","","99.76","","","","","","NA"
"-64.32","48.42","CAP-D'ESPOIR","7051050","2020-02-03 23:00","2020","02","03","23:00","","M","","M","","M","","M","27","","12","","","","99.83","","","","","","NA"
"-64.32","48.42","CAP-D'ESPOIR","7051050","2020-02-04 00:00","2020","02","04","00:00","","M","","M","","M","","M","27","","11","","","","99.88","","","","","","NA"
"-64.32","48.42","CAP-D'ESPOIR","7051050","2020-02-04 01:00","2020","02","04","01:00","","M","","M","","M","","M","26","","11","","","","99.92","","","","","","NA"
"-64.32","48.42","CAP-D'ESPOIR","7051050","2020-02-04 02:00","2020","02","04","02:00","","M","","M","","M","","M","27","","10","","","","100.01","","","","","","NA"
"-64.32","48.42","CAP-D'ESPOIR","7051050","2020-02-04 03:00","2020","02","04","03:00","","M","","M","","M","","M","27","","12","","","","100.05","","","","","","NA"
"-64.32","48.42","CAP-D'ESPOIR","7051050","2020-02-04 04:00","2020","02","04","04:00","","M","","M","","M","","M","25","","14","","","","100.13","","","","","","NA"
"-64.32","48.42","CAP-D'ESPOIR","7051050","2020-02-04 05:00","2020","02","04","05:00","","M","","M","","M","","M","26","","12","","","","100.20","","","","","","NA"
"-64.32","48.42","CAP-D'ESPOIR","7051050","2020-02-04 06:00","2020","02","04","06:00","","M","","M","","M","","M","25","","15","","","","100.26","","","","","","NA"
"-64.32","48.42","CAP-D'ESPOIR","7051050","2020-02-04 07:00","2020","02","04","07:00","","M","","M","","M","","M","25","","14","","","","100.35","","","","","","NA"
"-64.32","48.42","CAP-D'ESPOIR","7051050","2020-02-04 08:00","2020","02","04","08:00","","M","","M","","M","","M","26","","15","","","","100.37","","","","","","NA"
"-64.32","48.42","CAP-D'ESPOIR","7051050","2020-02-04 09:00","2020","02","04","09:00","","M","","M","","M","","M","26","","13","","","","100.36","","","","","","NA"
"-64.32","48.42","CAP-D'ESPOIR","7051050","2020-02-04 10:00","2020","02","04","10:00","","M","","M","","M","","M","25","","15","","","","100.39","","","","","","NA"
"-64.32","48.42","CAP-D'ESPOIR","7051050","2020-02-04 11:00","2020","02","04","11:00","","M","","M","","M","","M","23","","22","","","","100.31","","","","","","NA"
"-64.32","48.42","CAP-D'ESPOIR","7051050","2020-02-04 12:00","2020","02","04","12:00","","M","","M","","M","","M","27","","12","","","","100.21","","","","","","NA"
"-64.32","48.42","CAP-D'ESPOIR","7051050","2020-02-04 13:00","2020","02","04","13:00","","M","","M","","M","","M","25","","16","","","","100.19","","","","","","NA"
"-64.32","48.42","CAP-D'ESPOIR","7051050","2020-02-04 14:00","2020","02","04","14:00","","M","","M","","M","","M","25","","23","","","","100.12","","","","","","NA"
"-64.32","48.42","CAP-D'ESPOIR","7051050","2020-02-04 15:00","2020","02","04","15:00","","M","","M","","M","","M","25","","15","","","","100.11","","","","","","NA"
"-64.32","48.42","CAP-D'ESPOIR","7051050","2020-02-04 16:00","2020","02","04","16:00","","M","","M","","M","","M","26","","14","","","","100.13","","","","","","NA"
"-64.32","48.42","CAP-D'ESPOIR","7051050","2020-02-04 17:00","2020","02","04","17:00","","M","","M","","M","","M","27","","15","","","","100.13","","","","","","NA"
"-64.32","48.42","CAP-D'ESPOIR","7051050","2020-02-04 18:00","2020","02","04","18:00","","M","","M","","M","","M","27","","14","","","","100.12","","","","","","NA"
"-64.32","48.42","CAP-D'ESPOIR","7051050","2020-02-04 19:00","2020","02","04","19:00","","M","","M","","M","","M","26","","14","","","","100.09","","","","","","NA"
"-64.32","48.42","CAP-D'ESPOIR","7051050","2020-02-04 20:00","2020","02","04","20:00","","M","","M","","M","","M","25","","27","","","","100.01","","","","","","NA"
"-64.32","48.42","CAP-D'ESPOIR","7051050","2020-02-04 21:00","2020","02","04","21:00","","M","","M","","M","","M","25","","21","","","","99.98","","","","","","NA"
"-64.32","48.42","CAP-D'ESPOIR","7051050","2020-02-04 22:00","2020","02","04","22:00","","M","","M","","M","","M","26","","18","","","","99.90","","","","","","NA"
"-64.32","48.42","CAP-D'ESPOIR","7051050","2020-02-04 23:00","2020","02","04","23:00","","M","","M","","M","","M","26","","15","","","","99.89","","","","","","NA"
"-64.32","48.42","CAP-D'ESPOIR","7051050","2020-02-05 00:00","2020","02","05","00:00","","M","","M","","M","","M","25","","15","","","","99.82","","","","","","NA"
"-64.32","48.42","CAP-D'ESPOIR","7051050","2020-02-05 01:00","2020","02","05","01:00","","M","","M","","M","","M","25","","19","","","","99.80","","","","","","NA"
"-64.32","48.42","CAP-D'ESPOIR","7051050","2020-02-05 02:00","2020","02","05","02:00","","M","","M","","M","","M","24","","15","","","","99.79","","","","","","NA"
"-64.32","48.42","CAP-D'ESPOIR","7051050","2020-02-05 03:00","2020","02","05","03:00","","M","","M","","M","","M","28","","13","","","","99.81","","","","","","NA"
"-64.32","48.42","CAP-D'ESPOIR","7051050","2020-02-05 04:00","2020","02","05","04:00","","M","","M","","M","","M","27","","13","","","","99.89","","","","","","NA"
"-64.32","48.42","CAP-D'ESPOIR","7051050","2020-02-05 05:00","2020","02","05","05:00","","M","","M","","M","","M","29","","13","","","","100.02","","","","","","NA"
"-64.32","48.42","CAP-D'ESPOIR","7051050","2020-02-05 06:00","2020","02","05","06:00","","M","","M","","M","","M","30","","16","","","","100.15","","","","","","NA"
"-64.32","48.42","CAP-D'ESPOIR","7051050","2020-02-05 07:00","2020","02","05","07:00","","M","","M","","M","","M","29","","11","","","","100.23","","","","","","NA"
"-64.32","48.42","CAP-D'ESPOIR","7051050","2020-02-05 08:00","2020","02","05","08:00","","M","","M","","M","","M","30","","22","","","","100.33","","","","","","NA"
"-64.32","48.42","CAP-D'ESPOIR","7051050","2020-02-05 09:00","2020","02","05","09:00","","M","","M","","M","","M","30","","19","","","","100.36","","","","","","NA"
"-64.32","48.42","CAP-D'ESPOIR","7051050","2020-02-05 10:00","2020","02","05","10:00","","M","","M","","M","","M","30","","19","","","","100.41","","","","","","NA"
"-64.32","48.42","CAP-D'ESPOIR","7051050","2020-02-05 11:00","2020","02","05","11:00","","M","","M","","M","","M","32","","19","","","","100.45","","","","","","NA"
"-64.32","48.42","CAP-D'ESPOIR","7051050","2020-02-05 12:00","2020","02","05","12:00","","M","","M","","M","","M","28","","23","","","","100.47","","","","","","NA"
"-64.32","48.42","CAP-D'ESPOIR","7051050","2020-02-05 13:00","2020","02","05","13:00","","M","","M","","M","","M","30","","20","","","","100.50","","","","","","NA"
"-64.32","48.42","CAP-D'ESPOIR","7051050","2020-02-05 14:00","2020","02","05","14:00","","M","","M","","M","","M","30","","25","","","","100.56","","","","","","NA"
"-64.32","48.42","CAP-D'ESPOIR","7051050","2020-02-05 15:00","2020","02","05","15:00","","M","","M","","M","","M","30","","24","","","","100.66","","","","","","NA"
"-64.32","48.42","CAP-D'ESPOIR","7051050","2020-02-05 16:00","2020","02","05","16:00","","M","","M","","M","","M","30","","14","","","","100.74","","","","","","NA"
"-64.32","48.42","CAP-D'ESPOIR","7051050","2020-02-05 17:00","2020","02","05","17:00","","M","","M","","M","","M","27","","17","","","","100.90","","","","","","NA"
"-64.32","48.42","CAP-D'ESPOIR","7051050","2020-02-05 18:00","2020","02","05","18:00","","M","","M","","M","","M","27","","18","","","","101.05","","","","","","NA"
"-64.32","48.42","CAP-D'ESPOIR","7051050","2020-02-05 19:00","2020","02","05","19:00","","M","","M","","M","","M","29","","14","","","","101.09","","","","","","NA"
"-64.32","48.42","CAP-D'ESPOIR","7051050","2020-02-05 20:00","2020","02","05","20:00","","M","","M","","M","","M","26","","16","","","","101.12","","","","","","NA"
"-64.32","48.42","CAP-D'ESPOIR","7051050","2020-02-05 21:00","2020","02","05","21:00","","M","","M","","M","","M","26","","20","","","","101.18","","","","","","NA"
"-64.32","48.42","CAP-D'ESPOIR","7051050","2020-02-05 22:00","2020","02","05","22:00","","M","","M","","M","","M","27","","10","","","","101.20","","","","","","NA"
"-64.32","48.42","CAP-D'ESPOIR","7051050","2020-02-05 23:00","2020","02","05","23:00","","M","","M","","M","","M","30","","5","","","","101.25","","","","","","NA"
"-64.32","48.42","CAP-D'ESPOIR","7051050","2020-02-06 00:00","2020","02","06","00:00","","M","","M","","M","","M","27","","8","","","","101.28","","","","","","NA"
"-64.32","48.42","CAP-D'ESPOIR","7051050","2020-02-06 01:00","2020","02","06","01:00","","M","","M","","M","","M","29","","13","","","","101.27","","","","","","NA"
"-64.32","48.42","CAP-D'ESPOIR","7051050","2020-02-06 02:00","2020","02","06","02:00","","M","","M","","M","","M","29","","13","","","","101.33","","","","","","NA"
"-64.32","48.42","CAP-D'ESPOIR","7051050","2020-02-06 03:00","2020","02","06","03:00","","M","","M","","M","","M","27","","11","","","","101.38","","","","","","NA"
"-64.32","48.42","CAP-D'ESPOIR","7051050","2020-02-06 04:00","2020","02","06","04:00","","M","","M","","M","","M","29","","9","","","","101.39","","","","","","NA"
"-64.32","48.42","CAP-D'ESPOIR","7051050","2020-02-06 05:00","2020","02","06","05:00","","M","","M","","M","","M","29","","7","","","","101.35","","","","","","NA"
"-64.32","48.42","CAP-D'ESPOIR","7051050","2020-02-06 06:00","2020","02","06","06:00","","M","","M","","M","","M","29","","6","","","","101.28","","","","","","NA"
"-64.32","48.42","CAP-D'ESPOIR","7051050","2020-02-06 07:00","2020","02","06","07:00","","M","","M","","M","","M","28","","10","","","","101.31","","","","","","NA"
"-64.32","48.42","CAP-D'ESPOIR","7051050","2020-02-06 08:00","2020","02","06","08:00","","M","","M","","M","","M","27","","13","","","","101.35","","","","","","NA"
"-64.32","48.42","CAP-D'ESPOIR","7051050","2020-02-06 09:00","2020","02","06","09:00","","M","","M","","M","","M","26","","14","","","","101.27","","","","","","NA"
"-64.32","48.42","CAP-D'ESPOIR","7051050","2020-02-06 10:00","2020","02","06","10:00","","M","","M","","M","","M","25","","30","","","","101.18","","","","","","NA"
"-64.32","48.42","CAP-D'ESPOIR","7051050","2020-02-06 11:00","2020","02","06","11:00","","M","","M","","M","","M","24","","31","","","","101.04","","","","","","NA"
"-64.32","48.42","CAP-D'ESPOIR","7051050","2020-02-06 12:00","2020","02","06","12:00","","M","","M","","M","","M","24","","38","","","","100.97","","","","","","NA"
"-64.32","48.42","CAP-D'ESPOIR","7051050","2020-02-06 13:00","2020","02","06","13:00","","M","","M","","M","","M","22","","33","","","","100.82","","","","","","NA"
"-64.32","48.42","CAP-D'ESPOIR","7051050","2020-02-06 14:00","2020","02","06","14:00","","M","","M","","M","","M","22","","36","","","","100.78","","","","","","NA"
"-64.32","48.42","CAP-D'ESPOIR","7051050","2020-02-06 15:00","2020","02","06","15:00","","M","","M","","M","","M","23","","38","","","","100.76","","","","","","NA"
"-64.32","48.42","CAP-D'ESPOIR","7051050","2020-02-06 16:00","2020","02","06","16:00","","M","","M","","M","","M","23","","43","","","","100.86","","","","","","NA"
"-64.32","48.42","CAP-D'ESPOIR","7051050","2020-02-06 17:00","2020","02","06","17:00","","M","","M","","M","","M","24","","37","","","","100.81","","","","","","NA"
"-64.32","48.42","CAP-D'ESPOIR","7051050","2020-02-06 18:00","2020","02","06","18:00","","M","","M","","M","","M","25","","29","","","","100.78","","","","","","NA"
"-64.32","48.42","CAP-D'ESPOIR","7051050","2020-02-06 19:00","2020","02","06","19:00","","M","","M","","M","","M","25","","18","","","","100.83","","","","","","NA"
"-64.32","48.42","CAP-D'ESPOIR","7051050","2020-02-06 20:00","2020","02","06","20:00","","M","","M","","M","","M","25","","15","","","","100.75","","","","","","NA"
"-64.32","48.42","CAP-D'ESPOIR","7051050","2020-02-06 21:00","2020","02","06","21:00","","M","","M","","M","","M","32","","9","","","","100.68","","","","","","NA"
"-64.32","48.42","CAP-D'ESPOIR","7051050","2020-02-06 22:00","2020","02","06","22:00","","M","","M","","M","","M","31","","4","","","","100.63","","","","","","NA"
"-64.32","48.42","CAP-D'ESPOIR","7051050","2020-02-06 23:00","2020","02","06","23:00","","M","","M","","M","","M","31","","6","","","","100.61","","","","","","NA"
"-64.32","48.42","CAP-D'ESPOIR","7051050","2020-02-07 00:00","2020","02","07","00:00","","M","","M","","M","","M","2","","10","","","","100.58","","","","","","NA"
"-64.32","48.42","CAP-D'ESPOIR","7051050","2020-02-07 01:00","2020","02","07","01:00","","M","","M","","M","","M","3","","9","","","","100.51","","","","","","NA"
"-64.32","48.42","CAP-D'ESPOIR","7051050","2020-02-07 02:00","2020","02","07","02:00","","M","","M","","M","","M","5","","17","","","","100.56","","","","","","NA"
"-64.32","48.42","CAP-D'ESPOIR","7051050","2020-02-07 03:00","2020","02","07","03:00","","M","","M","","M","","M","1","","12","","","","100.45","","","","","","NA"
"-64.32","48.42","CAP-D'ESPOIR","7051050","2020-02-07 04:00","2020","02","07","04:00","","M","","M","","M","","M","4","","17","","","","100.28","","","","","","NA"
"-64.32","48.42","CAP-D'ESPOIR","7051050","2020-02-07 05:00","2020","02","07","05:00","","M","","M","","M","","M","2","","29","","","","100.30","","","","","","NA"
"-64.32","48.42","CAP-D'ESPOIR","7051050","2020-02-07 06:00","2020","02","07","06:00","","M","","M","","M","","M","4","","40","","","","100.24","","","","","","NA"
"-64.32","48.42","CAP-D'ESPOIR","7051050","2020-02-07 07:00","2020","02","07","07:00","","M","","M","","M","","M","4","","29","","","","100.31","","","","","","NA"
"-64.32","48.42","CAP-D'ESPOIR","7051050","2020-02-07 08:00","2020","02","07","08:00","","M","","M","","M","","M","4","","36","","","","100.23","","","","","","NA"
"-64.32","48.42","CAP-D'ESPOIR","7051050","2020-02-07 09:00","2020","02","07","09:00","","M","","M","","M","","M","4","","38","","","","100.21","","","","","","NA"
"-64.32","48.42","CAP-D'ESPOIR","7051050","2020-02-07 10:00","2020","02","07","10:00","","M","","M","","M","","M","5","","40","","","","100.22","","","","","","NA"
"-64.32","48.42","CAP-D'ESPOIR","7051050","2020-02-07 11:00","2020","02","07","11:00","","M","","M","","M","","M","5","","45","","","","100.04","","","","","","NA"
"-64.32","48.42","CAP-D'ESPOIR","7051050","2020-02-07 12:00","2020","02","07","12:00","","M","","M","","M","","M","5","","47","","","","99.92","","","","","","NA"
"-64.32","48.42","CAP-D'ESPOIR","7051050","2020-02-07 13:00","2020","02","07","13:00","","M","","M","","M","","M","4","","44","","","","99.73","","","","","","NA"
"-64.32","48.42","CAP-D'ESPOIR","7051050","2020-02-07 14:00","2020","02","07","14:00","","M","","M","","M","","M","4","","48","","","","99.52","","","","","","NA"
"-64.32","48.42","CAP-D'ESPOIR","7051050","2020-02-07 15:00","2020","02","07","15:00","","M","","M","","M","","M","4","","43","","","","99.45","","","","","","NA"
"-64.32","48.42","CAP-D'ESPOIR","7051050","2020-02-07 16:00","2020","02","07","16:00","","M","","M","","M","","M","5","","51","","","","99.13","","","","","","NA"
"-64.32","48.42","CAP-D'ESPOIR","7051050","2020-02-07 17:00","2020","02","07","17:00","","M","","M","","M","","M","5","","57","","","","98.81","","","","","","NA"
"-64.32","48.42","CAP-D'ESPOIR","7051050","2020-02-07 18:00","2020","02","07","18:00","","M","","M","","M","","M","5","","58","","","","98.65","","","","","","NA"
"-64.32","48.42","CAP-D'ESPOIR","7051050","2020-02-07 19:00","2020","02","07","19:00","","M","","M","","M","","M","4","","64","","","","98.40","","","","","","NA"
"-64.32","48.42","CAP-D'ESPOIR","7051050","2020-02-07 20:00","2020","02","07","20:00","","M","","M","","M","","M","3","","56","","","","98.14","","","","","","NA"
"-64.32","48.42","CAP-D'ESPOIR","7051050","2020-02-07 21:00","2020","02","07","21:00","","M","","M","","M","","M","3","","59","","","","97.99","","","","","","NA"
"-64.32","48.42","CAP-D'ESPOIR","7051050","2020-02-07 22:00","2020","02","07","22:00","","M","","M","","M","","M","2","","56","","","","97.87","","","","","","NA"
"-64.32","48.42","CAP-D'ESPOIR","7051050","2020-02-07 23:00","2020","02","07","23:00","","M","","M","","M","","M","2","","50","","","","97.82","","","","","","NA"
"-64.32","48.42","CAP-D'ESPOIR","7051050","2020-02-08 00:00","2020","02","08","00:00","","M","","M","","M","","M","1","","40","","","","97.94","","","","","","NA"
"-64.32","48.42","CAP-D'ESPOIR","7051050","2020-02-08 01:00","2020","02","08","01:00","","M","","M","","M","","M","36","","33","","","","98.15","","","","","","NA"
"-64.32","48.42","CAP-D'ESPOIR","7051050","2020-02-08 02:00","2020","02","08","02:00","","M","","M","","M","","M","34","","29","","","","98.42","","","","","","NA"
"-64.32","48.42","CAP-D'ESPOIR","7051050","2020-02-08 03:00","2020","02","08","03:00","","M","","M","","M","","M","33","","23","","","","98.71","","","","","","NA"
"-64.32","48.42","CAP-D'ESPOIR","7051050","2020-02-08 04:00","2020","02","08","04:00","","M","","M","","M","","M","34","","16","","","","98.97","","","","","","NA"
"-64.32","48.42","CAP-D'ESPOIR","7051050","2020-02-08 05:00","2020","02","08","05:00","","M","","M","","M","","M","31","","15","","","","99.22","","","","","","NA"
"-64.32","48.42","CAP-D'ESPOIR","7051050","2020-02-08 06:00","2020","02","08","06:00","","M","","M","","M","","M","32","","25","","","","99.37","","","","","","NA"
"-64.32","48.42","CAP-D'ESPOIR","7051050","2020-02-08 07:00","2020","02","08","07:00","","M","","M","","M","","M","32","","22","","","","99.58","","","","","","NA"
"-64.32","48.42","CAP-D'ESPOIR","7051050","2020-02-08 08:00","2020","02","08","08:00","","M","","M","","M","","M","33","","16","","","","99.74","","","","","","NA"
"-64.32","48.42","CAP-D'ESPOIR","7051050","2020-02-08 09:00","2020","02","08","09:00","","M","","M","","M","","M","32","","19","","","","99.94","","","","","","NA"
"-64.32","48.42","CAP-D'ESPOIR","7051050","2020-02-08 10:00","2020","02","08","10:00","","M","","M","","M","","M","30","","17","","","","100.09","","","","","","NA"
"-64.32","48.42","CAP-D'ESPOIR","7051050","2020-02-08 11:00","2020","02","08","11:00","","M","","M","","M","","M","29","","13","","","","100.24","","","","","","NA"
"-64.32","48.42","CAP-D'ESPOIR","7051050","2020-02-08 12:00","2020","02","08","12:00","","M","","M","","M","","M","25","","14","","","","100.30","","","","","","NA"
"-64.32","48.42","CAP-D'ESPOIR","7051050","2020-02-08 13:00","2020","02","08","13:00","","M","","M","","M","","M","24","","18","","","","100.33","","","","","","NA"
"-64.32","48.42","CAP-D'ESPOIR","7051050","2020-02-08 14:00","2020","02","08","14:00","","M","","M","","M","","M","23","","12","","","","100.37","","","","","","NA"
"-64.32","48.42","CAP-D'ESPOIR","7051050","2020-02-08 15:00","2020","02","08","15:00","","M","","M","","M","","M","20","","20","","","","100.57","","","","","","NA"
"-64.32","48.42","CAP-D'ESPOIR","7051050","2020-02-08 16:00","2020","02","08","16:00","","M","","M","","M","","M","29","","15","","","","100.67","","","","","","NA"
"-64.32","48.42","CAP-D'ESPOIR","7051050","2020-02-08 17:00","2020","02","08","17:00","","M","","M","","M","","M","4","","15","","","","100.82","","","","","","NA"
"-64.32","48.42","CAP-D'ESPOIR","7051050","2020-02-08 18:00","2020","02","08","18:00","","M","","M","","M","","M","27","","8","","","","100.95","","","","","","NA"
"-64.32","48.42","CAP-D'ESPOIR","7051050","2020-02-08 19:00","2020","02","08","19:00","","M","","M","","M","","M","27","","4","","","","101.07","","","","","","NA"
"-64.32","48.42","CAP-D'ESPOIR","7051050","2020-02-08 20:00","2020","02","08","20:00","","M","","M","","M","","M","31","","28","","","","101.14","","","","","","NA"
"-64.32","48.42","CAP-D'ESPOIR","7051050","2020-02-08 21:00","2020","02","08","21:00","","M","","M","","M","","M","27","","11","","","","101.35","","","","","","NA"
"-64.32","48.42","CAP-D'ESPOIR","7051050","2020-02-08 22:00","2020","02","08","22:00","","M","","M","","M","","M","27","","9","","","","101.48","","","","","","NA"
"-64.32","48.42","CAP-D'ESPOIR","7051050","2020-02-08 23:00","2020","02","08","23:00","","M","","M","","M","","M","27","","9","","","","101.63","","","","","","NA"
"-64.32","48.42","CAP-D'ESPOIR","7051050","2020-02-09 00:00","2020","02","09","00:00","","M","","M","","M","","M","27","","10","","","","101.75","","","","","","NA"
"-64.32","48.42","CAP-D'ESPOIR","7051050","2020-02-09 01:00","2020","02","09","01:00","","M","","M","","M","","M","28","","12","","","","101.90","","","","","","NA"
"-64.32","48.42","CAP-D'ESPOIR","7051050","2020-02-09 02:00","2020","02","09","02:00","","M","","M","","M","","M","29","","13","","","","102.03","","","","","","NA"
"-64.32","48.42","CAP-D'ESPOIR","7051050","2020-02-09 03:00","2020","02","09","03:00","","M","","M","","M","","M","28","","11","","","","102.12","","","","","","NA"
"-64.32","48.42","CAP-D'ESPOIR","7051050","2020-02-09 04:00","2020","02","09","04:00","","M","","M","","M","","M","28","","11","","","","102.26","","","","","","NA"
"-64.32","48.42","CAP-D'ESPOIR","7051050","2020-02-09 05:00","2020","02","09","05:00","","M","","M","","M","","M","28","","16","","","","102.37","","","","","","NA"
"-64.32","48.42","CAP-D'ESPOIR","7051050","2020-02-09 06:00","2020","02","09","06:00","","M","","M","","M","","M","28","","17","","","","102.48","","","","","","NA"
"-64.32","48.42","CAP-D'ESPOIR","7051050","2020-02-09 07:00","2020","02","09","07:00","","M","","M","","M","","M","27","","20","","","","102.59","","","","","","NA"
"-64.32","48.42","CAP-D'ESPOIR","7051050","2020-02-09 08:00","2020","02","09","08:00","","M","","M","","M","","M","27","","21","","","","102.68","","","","","","NA"
"-64.32","48.42","CAP-D'ESPOIR","7051050","2020-02-09 09:00","2020","02","09","09:00","","M","","M","","M","","M","27","","12","","","","102.77","","","","","","NA"
"-64.32","48.42","CAP-D'ESPOIR","7051050","2020-02-09 10:00","2020","02","09","10:00","","M","","M","","M","","M","24","","16","","","","102.83","","","","","","NA"
"-64.32","48.42","CAP-D'ESPOIR","7051050","2020-02-09 11:00","2020","02","09","11:00","","M","","M","","M","","M","24","","17","","","","102.81","","","","","","NA"
"-64.32","48.42","CAP-D'ESPOIR","7051050","2020-02-09 12:00","2020","02","09","12:00","","M","","M","","M","","M","23","","17","","","","102.77","","","","","","NA"
"-64.32","48.42","CAP-D'ESPOIR","7051050","2020-02-09 13:00","2020","02","09","13:00","","M","","M","","M","","M","22","","22","","","","102.73","","","","","","NA"
"-64.32","48.42","CAP-D'ESPOIR","7051050","2020-02-09 14:00","2020","02","09","14:00","","M","","M","","M","","M","22","","29","","","","102.70","","","","","","NA"
"-64.32","48.42","CAP-D'ESPOIR","7051050","2020-02-09 15:00","2020","02","09","15:00","","M","","M","","M","","M","22","","35","","","","102.68","","","","","","NA"
"-64.32","48.42","CAP-D'ESPOIR","7051050","2020-02-09 16:00","2020","02","09","16:00","","M","","M","","M","","M","22","","43","","","","102.68","","","","","","NA"
"-64.32","48.42","CAP-D'ESPOIR","7051050","2020-02-09 17:00","2020","02","09","17:00","","M","","M","","M","","M","24","","44","","","","102.74","","","","","","NA"
"-64.32","48.42","CAP-D'ESPOIR","7051050","2020-02-09 18:00","2020","02","09","18:00","","M","","M","","M","","M","24","","34","","","","102.73","","","","","","NA"
"-64.32","48.42","CAP-D'ESPOIR","7051050","2020-02-09 19:00","2020","02","09","19:00","","M","","M","","M","","M","23","","36","","","","102.68","","","","","","NA"
"-64.32","48.42","CAP-D'ESPOIR","7051050","2020-02-09 20:00","2020","02","09","20:00","","M","","M","","M","","M","25","","24","","","","102.70","","","","","","NA"
"-64.32","48.42","CAP-D'ESPOIR","7051050","2020-02-09 21:00","2020","02","09","21:00","","M","","M","","M","","M","26","","23","","","","102.67","","","","","","NA"
"-64.32","48.42","CAP-D'ESPOIR","7051050","2020-02-09 22:00","2020","02","09","22:00","","M","","M","","M","","M","25","","24","","","","102.61","","","","","","NA"
"-64.32","48.42","CAP-D'ESPOIR","7051050","2020-02-09 23:00","2020","02","09","23:00","","M","","M","","M","","M","23","","30","","","","102.58","","","","","","NA"
"-64.32","48.42","CAP-D'ESPOIR","7051050","2020-02-10 00:00","2020","02","10","00:00","","M","","M","","M","","M","24","","31","","","","102.52","","","","","","NA"
"-64.32","48.42","CAP-D'ESPOIR","7051050","2020-02-10 01:00","2020","02","10","01:00","","M","","M","","M","","M","26","","16","","","","102.44","","","","","","NA"
"-64.32","48.42","CAP-D'ESPOIR","7051050","2020-02-10 02:00","2020","02","10","02:00","","M","","M","","M","","M","26","","18","","","","102.41","","","","","","NA"
"-64.32","48.42","CAP-D'ESPOIR","7051050","2020-02-10 03:00","2020","02","10","03:00","","M","","M","","M","","M","26","","19","","","","102.40","","","","","","NA"
"-64.32","48.42","CAP-D'ESPOIR","7051050","2020-02-10 04:00","2020","02","10","04:00","","M","","M","","M","","M","26","","22","","","","102.33","","","","","","NA"
"-64.32","48.42","CAP-D'ESPOIR","7051050","2020-02-10 05:00","2020","02","10","05:00","","M","","M","","M","","M","25","","20","","","","102.27","","","","","","NA"
"-64.32","48.42","CAP-D'ESPOIR","7051050","2020-02-10 06:00","2020","02","10","06:00","","M","","M","","M","","M","27","","10","","","","102.20","","","","","","NA"
"-64.32","48.42","CAP-D'ESPOIR","7051050","2020-02-10 07:00","2020","02","10","07:00","","M","","M","","M","","M","25","","11","","","","102.18","","","","","","NA"
"-64.32","48.42","CAP-D'ESPOIR","7051050","2020-02-10 08:00","2020","02","10","08:00","","M","","M","","M","","M","22","","25","","","","102.13","","","","","","NA"
"-64.32","48.42","CAP-D'ESPOIR","7051050","2020-02-10 09:00","2020","02","10","09:00","","M","","M","","M","","M","22","","20","","","","102.06","","","","","","NA"
"-64.32","48.42","CAP-D'ESPOIR","7051050","2020-02-10 10:00","2020","02","10","10:00","","M","","M","","M","","M","24","","11","","","","101.90","","","","","","NA"
"-64.32","48.42","CAP-D'ESPOIR","7051050","2020-02-10 11:00","2020","02","10","11:00","","M","","M","","M","","M","26","","8","","","","101.75","","","","","","NA"
"-64.32","48.42","CAP-D'ESPOIR","7051050","2020-02-10 12:00","2020","02","10","12:00","","M","","M","","M","","M","35","","4","","","","101.54","","","","","","NA"
"-64.32","48.42","CAP-D'ESPOIR","7051050","2020-02-10 13:00","2020","02","10","13:00","","M","","M","","M","","M","35","","4","","","","101.37","","","","","","NA"
"-64.32","48.42","CAP-D'ESPOIR","7051050","2020-02-10 14:00","2020","02","10","14:00","","M","","M","","M","","M","3","","9","","","","101.25","","","","","","NA"
"-64.32","48.42","CAP-D'ESPOIR","7051050","2020-02-10 15:00","2020","02","10","15:00","","M","","M","","M","","M","4","","10","","","","101.18","","","","","","NA"
"-64.32","48.42","CAP-D'ESPOIR","7051050","2020-02-10 16:00","2020","02","10","16:00","","M","","M","","M","","M","4","","6","","","","101.11","","","","","","NA"
"-64.32","48.42","CAP-D'ESPOIR","7051050","2020-02-10 17:00","2020","02","10","17:00","","M","","M","","M","","M","0","","1","","","","101.11","","","","","","NA"
"-64.32","48.42","CAP-D'ESPOIR","7051050","2020-02-10 18:00","2020","02","10","18:00","","M","","M","","M","","M","28","","5","","","","101.12","","","","","","NA"
"-64.32","48.42","CAP-D'ESPOIR","7051050","2020-02-10 19:00","2020","02","10","19:00","","M","","M","","M","","M","26","","5","","","","101.14","","","","","","NA"
"-64.32","48.42","CAP-D'ESPOIR","7051050","2020-02-10 20:00","2020","02","10","20:00","","M","","M","","M","","M","31","","3","","","","101.16","","","","","","NA"
"-64.32","48.42","CAP-D'ESPOIR","7051050","2020-02-10 21:00","2020","02","10","21:00","","M","","M","","M","","M","7","","2","","","","101.21","","","","","","NA"
"-64.32","48.42","CAP-D'ESPOIR","7051050","2020-02-10 22:00","2020","02","10","22:00","","M","","M","","M","","M","22","","4","","","","101.27","","","","","","NA"
"-64.32","48.42","CAP-D'ESPOIR","7051050","2020-02-10 23:00","2020","02","10","23:00","","M","","M","","M","","M","26","","6","","","","101.29","","","","","","NA"
"-64.32","48.42","CAP-D'ESPOIR","7051050","2020-02-11 00:00","2020","02","11","00:00","","M","","M","","M","","M","6","","3","","","","101.40","","","","","","NA"
"-64.32","48.42","CAP-D'ESPOIR","7051050","2020-02-11 01:00","2020","02","11","01:00","","M","","M","","M","","M","30","","8","","","","101.44","","","","","","NA"
"-64.32","48.42","CAP-D'ESPOIR","7051050","2020-02-11 02:00","2020","02","11","02:00","","M","","M","","M","","M","32","","8","","","","101.47","","","","","","NA"
"-64.32","48.42","CAP-D'ESPOIR","7051050","2020-02-11 03:00","2020","02","11","03:00","","M","","M","","M","","M","21","","5","","","","101.54","","","","","","NA"
"-64.32","48.42","CAP-D'ESPOIR","7051050","2020-02-11 04:00","2020","02","11","04:00","","M","","M","","M","","M","30","","12","","","","101.59","","","","","","NA"
"-64.32","48.42","CAP-D'ESPOIR","7051050","2020-02-11 05:00","2020","02","11","05:00","","M","","M","","M","","M","25","","5","","","","101.60","","","","","","NA"
"-64.32","48.42","CAP-D'ESPOIR","7051050","2020-02-11 06:00","2020","02","11","06:00","","M","","M","","M","","M","25","","9","","","","101.62","","","","","","NA"
"-64.32","48.42","CAP-D'ESPOIR","7051050","2020-02-11 07:00","2020","02","11","07:00","","M","","M","","M","","M","32","","4","","","","101.65","","","","","","NA"
"-64.32","48.42","CAP-D'ESPOIR","7051050","2020-02-11 08:00","2020","02","11","08:00","","M","","M","","M","","M","26","","6","","","","101.69","","","","","","NA"
"-64.32","48.42","CAP-D'ESPOIR","7051050","2020-02-11 09:00","2020","02","11","09:00","","M","","M","","M","","M","25","","11","","","","101.69","","","","","","NA"
"-64.32","48.42","CAP-D'ESPOIR","7051050","2020-02-11 10:00","2020","02","11","10:00","","M","","M","","M","","M","26","","12","","","","101.57","","","","","","NA"
"-64.32","48.42","CAP-D'ESPOIR","7051050","2020-02-11 11:00","2020","02","11","11:00","","M","","M","","M","","M","23","","15","","","","101.47","","","","","","NA"
"-64.32","48.42","CAP-D'ESPOIR","7051050","2020-02-11 12:00","2020","02","11","12:00","","M","","M","","M","","M","24","","18","","","","101.36","","","","","","NA"
"-64.32","48.42","CAP-D'ESPOIR","7051050","2020-02-11 13:00","2020","02","11","13:00","","M","","M","","M","","M","24","","25","","","","101.28","","","","","","NA"
"-64.32","48.42","CAP-D'ESPOIR","7051050","2020-02-11 14:00","2020","02","11","14:00","","M","","M","","M","","M","22","","24","","","","101.18","","","","","","NA"
"-64.32","48.42","CAP-D'ESPOIR","7051050","2020-02-11 15:00","2020","02","11","15:00","","M","","M","","M","","M","19","","23","","","","101.05","","","","","","NA"
"-64.32","48.42","CAP-D'ESPOIR","7051050","2020-02-11 16:00","2020","02","11","16:00","","M","","M","","M","","M","19","","26","","","","100.99","","","","","","NA"
"-64.32","48.42","CAP-D'ESPOIR","7051050","2020-02-11 17:00","2020","02","11","17:00","","M","","M","","M","","M","19","","25","","","","100.96","","","","","","NA"
"-64.32","48.42","CAP-D'ESPOIR","7051050","2020-02-11 18:00","2020","02","11","18:00","","M","","M","","M","","M","18","","21","","","","100.82","","","","","","NA"
"-64.32","48.42","CAP-D'ESPOIR","7051050","2020-02-11 19:00","2020","02","11","19:00","","M","","M","","M","","M","19","","22","","","","100.73","","","","","","NA"
"-64.32","48.42","CAP-D'ESPOIR","7051050","2020-02-11 20:00","2020","02","11","20:00","","M","","M","","M","","M","20","","11","","","","100.64","","","","","","NA"
"-64.32","48.42","CAP-D'ESPOIR","7051050","2020-02-11 21:00","2020","02","11","21:00","","M","","M","","M","","M","18","","22","","","","100.54","","","","","","NA"
"-64.32","48.42","CAP-D'ESPOIR","7051050","2020-02-11 22:00","2020","02","11","22:00","","M","","M","","M","","M","17","","20","","","","100.37","","","","","","NA"
"-64.32","48.42","CAP-D'ESPOIR","7051050","2020-02-11 23:00","2020","02","11","23:00","","M","","M","","M","","M","18","","12","","","","100.29","","","","","","NA"
"-64.32","48.42","CAP-D'ESPOIR","7051050","2020-02-12 00:00","2020","02","12","00:00","","M","","M","","M","","M","21","","10","","","","100.22","","","","","","NA"
"-64.32","48.42","CAP-D'ESPOIR","7051050","2020-02-12 01:00","2020","02","12","01:00","","M","","M","","M","","M","25","","3","","","","100.08","","","","","","NA"
"-64.32","48.42","CAP-D'ESPOIR","7051050","2020-02-12 02:00","2020","02","12","02:00","","M","","M","","M","","M","25","","5","","","","99.99","","","","","","NA"
"-64.32","48.42","CAP-D'ESPOIR","7051050","2020-02-12 03:00","2020","02","12","03:00","","M","","M","","M","","M","31","","4","","","","99.95","","","","","","NA"
"-64.32","48.42","CAP-D'ESPOIR","7051050","2020-02-12 04:00","2020","02","12","04:00","","M","","M","","M","","M","35","","3","","","","99.90","","","","","","NA"
"-64.32","48.42","CAP-D'ESPOIR","7051050","2020-02-12 05:00","2020","02","12","05:00","","M","","M","","M","","M","34","","3","","","","99.90","","","","","","NA"
"-64.32","48.42","CAP-D'ESPOIR","7051050","2020-02-12 06:00","2020","02","12","06:00","","M","","M","","M","","M","26","","8","","","","99.96","","","","","","NA"
"-64.32","48.42","CAP-D'ESPOIR","7051050","2020-02-12 07:00","2020","02","12","07:00","","M","","M","","M","","M","26","","6","","","","100.03","","","","","","NA"
"-64.32","48.42","CAP-D'ESPOIR","7051050","2020-02-12 08:00","2020","02","12","08:00","","M","","M","","M","","M","30","","12","","","","100.15","","","","","","NA"
"-64.32","48.42","CAP-D'ESPOIR","7051050","2020-02-12 09:00","2020","02","12","09:00","","M","","M","","M","","M","31","","8","","","","100.22","","","","","","NA"
"-64.32","48.42","CAP-D'ESPOIR","7051050","2020-02-12 10:00","2020","02","12","10:00","","M","","M","","M","","M","28","","7","","","","100.32","","","","","","NA"
"-64.32","48.42","CAP-D'ESPOIR","7051050","2020-02-12 11:00","2020","02","12","11:00","","M","","M","","M","","M","28","","9","","","","100.36","","","","","","NA"
"-64.32","48.42","CAP-D'ESPOIR","7051050","2020-02-12 12:00","2020","02","12","12:00","","M","","M","","M","","M","31","","16","","","","100.39","","","","","","NA"
"-64.32","48.42","CAP-D'ESPOIR","7051050","2020-02-12 13:00","2020","02","12","13:00","","M","","M","","M","","M","31","","16","","","","100.38","","","","","","NA"
"-64.32","48.42","CAP-D'ESPOIR","7051050","2020-02-12 14:00","2020","02","12","14:00","","M","","M","","M","","M","31","","10","","","","100.45","","","","","","NA"
"-64.32","48.42","CAP-D'ESPOIR","7051050","2020-02-12 15:00","2020","02","12","15:00","","M","","M","","M","","M","28","","6","","","","100.49","","","","","","NA"
"-64.32","48.42","CAP-D'ESPOIR","7051050","2020-02-12 16:00","2020","02","12","16:00","","M","","M","","M","","M","26","","15","","","","100.56","","","","","","NA"
"-64.32","48.42","CAP-D'ESPOIR","7051050","2020-02-12 17:00","2020","02","12","17:00","","M","","M","","M","","M","25","","16","","","","100.66","","","","","","NA"
"-64.32","48.42","CAP-D'ESPOIR","7051050","2020-02-12 18:00","2020","02","12","18:00","","M","","M","","M","","M","25","","32","","","","100.77","","","","","","NA"
"-64.32","48.42","CAP-D'ESPOIR","7051050","2020-02-12 19:00","2020","02","12","19:00","","M","","M","","M","","M","25","","24","","","","100.76","","","","","","NA"
"-64.32","48.42","CAP-D'ESPOIR","7051050","2020-02-12 20:00","2020","02","12","20:00","","M","","M","","M","","M","23","","22","","","","100.69","","","","","","NA"
"-64.32","48.42","CAP-D'ESPOIR","7051050","2020-02-12 21:00","2020","02","12","21:00","","M","","M","","M","","M","24","","36","","","","100.53","","","","","","NA"
"-64.32","48.42","CAP-D'ESPOIR","7051050","2020-02-12 22:00","2020","02","12","22:00","","M","","M","","M","","M","24","","35","","","","100.49","","","","","","NA"
"-64.32","48.42","CAP-D'ESPOIR","7051050","2020-02-12 23:00","2020","02","12","23:00","","M","","M","","M","","M","24","","36","","","","100.39","","","","","","NA"
"-64.32","48.42","CAP-D'ESPOIR","7051050","2020-02-13 00:00","2020","02","13","00:00","","M","","M","","M","","M","23","","36","","","","100.23","","","","","","NA"
"-64.32","48.42","CAP-D'ESPOIR","7051050","2020-02-13 01:00","2020","02","13","01:00","","M","","M","","M","","M","24","","31","","","","100.20","","","","","","NA"
"-64.32","48.42","CAP-D'ESPOIR","7051050","2020-02-13 02:00","2020","02","13","02:00","","M","","M","","M","","M","24","","30","","","","100.12","","","","","","NA"
"-64.32","48.42","CAP-D'ESPOIR","7051050","2020-02-13 03:00","2020","02","13","03:00","","M","","M","","M","","M","24","","39","","","","100.02","","","","","","NA"
"-64.32","48.42","CAP-D'ESPOIR","7051050","2020-02-13 04:00","2020","02","13","04:00","","M","","M","","M","","M","24","","43","","","","99.96","","","","","","NA"
"-64.32","48.42","CAP-D'ESPOIR","7051050","2020-02-13 05:00","2020","02","13","05:00","","M","","M","","M","","M","24","","35","","","","99.94","","","","","","NA"
"-64.32","48.42","CAP-D'ESPOIR","7051050","2020-02-13 06:00","2020","02","13","06:00","","M","","M","","M","","M","24","","37","","","","99.90","","","","","","NA"
"-64.32","48.42","CAP-D'ESPOIR","7051050","2020-02-13 07:00","2020","02","13","07:00","","M","","M","","M","","M","24","","40","","","","99.85","","","","","","NA"
"-64.32","48.42","CAP-D'ESPOIR","7051050","2020-02-13 08:00","2020","02","13","08:00","","M","","M","","M","","M","24","","27","","","","99.84","","","","","","NA"
"-64.32","48.42","CAP-D'ESPOIR","7051050","2020-02-13 09:00","2020","02","13","09:00","","M","","M","","M","","M","25","","23","","","","99.88","","","","","","NA"
"-64.32","48.42","CAP-D'ESPOIR","7051050","2020-02-13 10:00","2020","02","13","10:00","","M","","M","","M","","M","1","","20","","","","99.93","","","","","","NA"
"-64.32","48.42","CAP-D'ESPOIR","7051050","2020-02-13 11:00","2020","02","13","11:00","","M","","M","","M","","M","34","","19","","","","100.00","","","","","","NA"
"-64.32","48.42","CAP-D'ESPOIR","7051050","2020-02-13 12:00","2020","02","13","12:00","","M","","M","","M","","M","34","","22","","","","100.04","","","","","","NA"
"-64.32","48.42","CAP-D'ESPOIR","7051050","2020-02-13 13:00","2020","02","13","13:00","","M","","M","","M","","M","35","","20","","","","100.02","","","","","","NA"
"-64.32","48.42","CAP-D'ESPOIR","7051050","2020-02-13 14:00","2020","02","13","14:00","","M","","M","","M","","M","34","","17","","","","100.04","","","","","","NA"
"-64.32","48.42","CAP-D'ESPOIR","7051050","2020-02-13 15:00","2020","02","13","15:00","","M","","M","","M","","M","33","","13","","","","100.07","","","","","","NA"
"-64.32","48.42","CAP-D'ESPOIR","7051050","2020-02-13 16:00","2020","02","13","16:00","","M","","M","","M","","M","35","","14","","","","100.06","","","","","","NA"
"-64.32","48.42","CAP-D'ESPOIR","7051050","2020-02-13 17:00","2020","02","13","17:00","","M","","M","","M","","M","31","","18","","","","100.16","","","","","","NA"
"-64.32","48.42","CAP-D'ESPOIR","7051050","2020-02-13 18:00","2020","02","13","18:00","","M","","M","","M","","M","33","","16","","","","100.23","","","","","","NA"
"-64.32","48.42","CAP-D'ESPOIR","7051050","2020-02-13 19:00","2020","02","13","19:00","","M","","M","","M","","M","32","","16","","","","100.29","","","","","","NA"
"-64.32","48.42","CAP-D'ESPOIR","7051050","2020-02-13 20:00","2020","02","13","20:00","","M","","M","","M","","M","32","","12","","","","100.31","","","","","","NA"
"-64.32","48.42","CAP-D'ESPOIR","7051050","2020-02-13 21:00","2020","02","13","21:00","","M","","M","","M","","M","31","","9","","","","100.31","","","","","","NA"
"-64.32","48.42","CAP-D'ESPOIR","7051050","2020-02-13 22:00","2020","02","13","22:00","","M","","M","","M","","M","32","","15","","","","100.33","","","","","","NA"
"-64.32","48.42","CAP-D'ESPOIR","7051050","2020-02-13 23:00","2020","02","13","23:00","","M","","M","","M","","M","31","","19","","","","100.38","","","","","","NA"
"-64.32","48.42","CAP-D'ESPOIR","7051050","2020-02-14 00:00","2020","02","14","00:00","","M","","M","","M","","M","30","","13","","","","100.46","","","","","","NA"
"-64.32","48.42","CAP-D'ESPOIR","7051050","2020-02-14 01:00","2020","02","14","01:00","","M","","M","","M","","M","30","","13","","","","100.51","","","","","","NA"
"-64.32","48.42","CAP-D'ESPOIR","7051050","2020-02-14 02:00","2020","02","14","02:00","","M","","M","","M","","M","29","","12","","","","100.57","","","","","","NA"
"-64.32","48.42","CAP-D'ESPOIR","7051050","2020-02-14 03:00","2020","02","14","03:00","","M","","M","","M","","M","30","","13","","","","100.62","","","","","","NA"
"-64.32","48.42","CAP-D'ESPOIR","7051050","2020-02-14 04:00","2020","02","14","04:00","","M","","M","","M","","M","29","","9","","","","100.71","","","","","","NA"
"-64.32","48.42","CAP-D'ESPOIR","7051050","2020-02-14 05:00","2020","02","14","05:00","","M","","M","","M","","M","28","","8","","","","100.80","","","","","","NA"
"-64.32","48.42","CAP-D'ESPOIR","7051050","2020-02-14 06:00","2020","02","14","06:00","","M","","M","","M","","M","28","","7","","","","100.91","","","","","","NA"
"-64.32","48.42","CAP-D'ESPOIR","7051050","2020-02-14 07:00","2020","02","14","07:00","","M","","M","","M","","M","31","","13","","","","101.02","","","","","","NA"
"-64.32","48.42","CAP-D'ESPOIR","7051050","2020-02-14 08:00","2020","02","14","08:00","","M","","M","","M","","M","31","","19","","","","101.09","","","","","","NA"
"-64.32","48.42","CAP-D'ESPOIR","7051050","2020-02-14 09:00","2020","02","14","09:00","","M","","M","","M","","M","30","","19","","","","101.13","","","","","","NA"
"-64.32","48.42","CAP-D'ESPOIR","7051050","2020-02-14 10:00","2020","02","14","10:00","","M","","M","","M","","M","29","","18","","","","101.14","","","","","","NA"
"-64.32","48.42","CAP-D'ESPOIR","7051050","2020-02-14 11:00","2020","02","14","11:00","","M","","M","","M","","M","31","","28","","","","101.19","","","","","","NA"
"-64.32","48.42","CAP-D'ESPOIR","7051050","2020-02-14 12:00","2020","02","14","12:00","","M","","M","","M","","M","31","","23","","","","101.14","","","","","","NA"
"-64.32","48.42","CAP-D'ESPOIR","7051050","2020-02-14 13:00","2020","02","14","13:00","","M","","M","","M","","M","32","","19","","","","101.18","","","","","","NA"
"-64.32","48.42","CAP-D'ESPOIR","7051050","2020-02-14 14:00","2020","02","14","14:00","","M","","M","","M","","M","30","","18","","","","101.27","","","","","","NA"
"-64.32","48.42","CAP-D'ESPOIR","7051050","2020-02-14 15:00","2020","02","14","15:00","","M","","M","","M","","M","31","","13","","","","101.43","","","","","","NA"
"-64.32","48.42","CAP-D'ESPOIR","7051050","2020-02-14 16:00","2020","02","14","16:00","","M","","M","","M","","M","32","","11","","","","101.62","","","","","","NA"
"-64.32","48.42","CAP-D'ESPOIR","7051050","2020-02-14 17:00","2020","02","14","17:00","","M","","M","","M","","M","29","","9","","","","101.77","","","","","","NA"
"-64.32","48.42","CAP-D'ESPOIR","7051050","2020-02-14 18:00","2020","02","14","18:00","","M","","M","","M","","M","29","","14","","","","101.91","","","","","","NA"
"-64.32","48.42","CAP-D'ESPOIR","7051050","2020-02-14 19:00","2020","02","14","19:00","","M","","M","","M","","M","30","","16","","","","102.04","","","","","","NA"
"-64.32","48.42","CAP-D'ESPOIR","7051050","2020-02-14 20:00","2020","02","14","20:00","","M","","M","","M","","M","30","","15","","","","102.12","","","","","","NA"
"-64.32","48.42","CAP-D'ESPOIR","7051050","2020-02-14 21:00","2020","02","14","21:00","","M","","M","","M","","M","31","","19","","","","102.19","","","","","","NA"
"-64.32","48.42","CAP-D'ESPOIR","7051050","2020-02-14 22:00","2020","02","14","22:00","","M","","M","","M","","M","33","","17","","","","102.23","","","","","","NA"
"-64.32","48.42","CAP-D'ESPOIR","7051050","2020-02-14 23:00","2020","02","14","23:00","","M","","M","","M","","M","25","","16","","","","102.34","","","","","","NA"
"-64.32","48.42","CAP-D'ESPOIR","7051050","2020-02-15 00:00","2020","02","15","00:00","","M","","M","","M","","M","25","","14","","","","102.41","","","","","","NA"
"-64.32","48.42","CAP-D'ESPOIR","7051050","2020-02-15 01:00","2020","02","15","01:00","","M","","M","","M","","M","26","","18","","","","102.48","","","","","","NA"
"-64.32","48.42","CAP-D'ESPOIR","7051050","2020-02-15 02:00","2020","02","15","02:00","","M","","M","","M","","M","28","","14","","","","102.51","","","","","","NA"
"-64.32","48.42","CAP-D'ESPOIR","7051050","2020-02-15 03:00","2020","02","15","03:00","","M","","M","","M","","M","27","","17","","","","102.52","","","","","","NA"
"-64.32","48.42","CAP-D'ESPOIR","7051050","2020-02-15 04:00","2020","02","15","04:00","","M","","M","","M","","M","27","","14","","","","102.54","","","","","","NA"
"-64.32","48.42","CAP-D'ESPOIR","7051050","2020-02-15 05:00","2020","02","15","05:00","","M","","M","","M","","M","27","","13","","","","102.60","","","","","","NA"
"-64.32","48.42","CAP-D'ESPOIR","7051050","2020-02-15 06:00","2020","02","15","06:00","","M","","M","","M","","M","26","","13","","","","102.61","","","","","","NA"
"-64.32","48.42","CAP-D'ESPOIR","7051050","2020-02-15 07:00","2020","02","15","07:00","","M","","M","","M","","M","25","","16","","","","102.57","","","","","","NA"
"-64.32","48.42","CAP-D'ESPOIR","7051050","2020-02-15 08:00","2020","02","15","08:00","","M","","M","","M","","M","27","","29","","","","102.52","","","","","","NA"
"-64.32","48.42","CAP-D'ESPOIR","7051050","2020-02-15 09:00","2020","02","15","09:00","","M","","M","","M","","M","26","","31","","","","102.52","","","","","","NA"
"-64.32","48.42","CAP-D'ESPOIR","7051050","2020-02-15 10:00","2020","02","15","10:00","","M","","M","","M","","M","24","","26","","","","102.46","","","","","","NA"
"-64.32","48.42","CAP-D'ESPOIR","7051050","2020-02-15 11:00","2020","02","15","11:00","","M","","M","","M","","M","23","","25","","","","102.42","","","","","","NA"
"-64.32","48.42","CAP-D'ESPOIR","7051050","2020-02-15 12:00","2020","02","15","12:00","","M","","M","","M","","M","24","","29","","","","102.35","","","","","","NA"
"-64.32","48.42","CAP-D'ESPOIR","7051050","2020-02-15 13:00","2020","02","15","13:00","","M","","M","","M","","M","23","","30","","","","102.24","","","","","","NA"
"-64.32","48.42","CAP-D'ESPOIR","7051050","2020-02-15 14:00","2020","02","15","14:00","","M","","M","","M","","M","22","","35","","","","102.16","","","","","","NA"
"-64.32","48.42","CAP-D'ESPOIR","7051050","2020-02-15 15:00","2020","02","15","15:00","","M","","M","","M","","M","23","","40","","","","102.08","","","","","","NA"
"-64.32","48.42","CAP-D'ESPOIR","7051050","2020-02-15 16:00","2020","02","15","16:00","","M","","M","","M","","M","23","","40","","","","102.03","","","","","","NA"
"-64.32","48.42","CAP-D'ESPOIR","7051050","2020-02-15 17:00","2020","02","15","17:00","","M","","M","","M","","M","24","","42","","","","102.00","","","","","","NA"
"-64.32","48.42","CAP-D'ESPOIR","7051050","2020-02-15 18:00","2020","02","15","18:00","","M","","M","","M","","M","25","","39","","","","101.99","","","","","","NA"
"-64.32","48.42","CAP-D'ESPOIR","7051050","2020-02-15 19:00","2020","02","15","19:00","","M","","M","","M","","M","25","","39","","","","101.90","","","","","","NA"
"-64.32","48.42","CAP-D'ESPOIR","7051050","2020-02-15 20:00","2020","02","15","20:00","","M","","M","","M","","M","25","","40","","","","101.77","","","","","","NA"
"-64.32","48.42","CAP-D'ESPOIR","7051050","2020-02-15 21:00","2020","02","15","21:00","","M","","M","","M","","M","24","","39","","","","101.66","","","","","","NA"
"-64.32","48.42","CAP-D'ESPOIR","7051050","2020-02-15 22:00","2020","02","15","22:00","","M","","M","","M","","M","24","","49","","","","101.58","","","","","","NA"
"-64.32","48.42","CAP-D'ESPOIR","7051050","2020-02-15 23:00","2020","02","15","23:00","","M","","M","","M","","M","24","","44","","","","101.54","","","","","","NA"
"-64.32","48.42","CAP-D'ESPOIR","7051050","2020-02-16 00:00","2020","02","16","00:00","","M","","M","","M","","M","22","","45","","","","101.48","","","","","","NA"
"-64.32","48.42","CAP-D'ESPOIR","7051050","2020-02-16 01:00","2020","02","16","01:00","","M","","M","","M","","M","22","","40","","","","101.40","","","","","","NA"
"-64.32","48.42","CAP-D'ESPOIR","7051050","2020-02-16 02:00","2020","02","16","02:00","","M","","M","","M","","M","23","","41","","","","101.35","","","","","","NA"
"-64.32","48.42","CAP-D'ESPOIR","7051050","2020-02-16 03:00","2020","02","16","03:00","","M","","M","","M","","M","22","","39","","","","101.19","","","","","","NA"
"-64.32","48.42","CAP-D'ESPOIR","7051050","2020-02-16 04:00","2020","02","16","04:00","","M","","M","","M","","M","22","","35","","","","101.14","","","","","","NA"
"-64.32","48.42","CAP-D'ESPOIR","7051050","2020-02-16 05:00","2020","02","16","05:00","","M","","M","","M","","M","23","","37","","","","101.07","","","","","","NA"
"-64.32","48.42","CAP-D'ESPOIR","7051050","2020-02-16 06:00","2020","02","16","06:00","","M","","M","","M","","M","24","","24","","","","100.99","","","","","","NA"
"-64.32","48.42","CAP-D'ESPOIR","7051050","2020-02-16 07:00","2020","02","16","07:00","","M","","M","","M","","M","25","","18","","","","100.97","","","","","","NA"
"-64.32","48.42","CAP-D'ESPOIR","7051050","2020-02-16 08:00","2020","02","16","08:00","","M","","M","","M","","M","26","","17","","","","100.98","","","","","","NA"
"-64.32","48.42","CAP-D'ESPOIR","7051050","2020-02-16 09:00","2020","02","16","09:00","","M","","M","","M","","M","25","","25","","","","100.93","","","","","","NA"
"-64.32","48.42","CAP-D'ESPOIR","7051050","2020-02-16 10:00","2020","02","16","10:00","","M","","M","","M","","M","25","","30","","","","100.88","","","","","","NA"
"-64.32","48.42","CAP-D'ESPOIR","7051050","2020-02-16 11:00","2020","02","16","11:00","","M","","M","","M","","M","24","","39","","","","100.81","","","","","","NA"
"-64.32","48.42","CAP-D'ESPOIR","7051050","2020-02-16 12:00","2020","02","16","12:00","","M","","M","","M","","M","24","","36","","","","100.74","","","","","","NA"
"-64.32","48.42","CAP-D'ESPOIR","7051050","2020-02-16 13:00","2020","02","16","13:00","","M","","M","","M","","M","22","","39","","","","100.72","","","","","","NA"
"-64.32","48.42","CAP-D'ESPOIR","7051050","2020-02-16 14:00","2020","02","16","14:00","","M","","M","","M","","M","22","","42","","","","100.70","","","","","","NA"
"-64.32","48.42","CAP-D'ESPOIR","7051050","2020-02-16 15:00","2020","02","16","15:00","","M","","M","","M","","M","23","","38","","","","100.74","","","","","","NA"
"-64.32","48.42","CAP-D'ESPOIR","7051050","2020-02-16 16:00","2020","02","16","16:00","","M","","M","","M","","M","23","","27","","","","100.81","","","","","","NA"
"-64.32","48.42","CAP-D'ESPOIR","7051050","2020-02-16 17:00","2020","02","16","17:00","","M","","M","","M","","M","22","","26","","","","100.88","","","","","","NA"
"-64.32","48.42","CAP-D'ESPOIR","7051050","2020-02-16 18:00","2020","02","16","18:00","","M","","M","","M","","M","22","","28","","","","100.94","","","","","","NA"
"-64.32","48.42","CAP-D'ESPOIR","7051050","2020-02-16 19:00","2020","02","16","19:00","","M","","M","","M","","M","21","","23","","","","101.01","","","","","","NA"
"-64.32","48.42","CAP-D'ESPOIR","7051050","2020-02-16 20:00","2020","02","16","20:00","","M","","M","","M","","M","22","","17","","","","101.06","","","","","","NA"
"-64.32","48.42","CAP-D'ESPOIR","7051050","2020-02-16 21:00","2020","02","16","21:00","","M","","M","","M","","M","22","","18","","","","101.07","","","","","","NA"
"-64.32","48.42","CAP-D'ESPOIR","7051050","2020-02-16 22:00","2020","02","16","22:00","","M","","M","","M","","M","23","","10","","","","101.06","","","","","","NA"
"-64.32","48.42","CAP-D'ESPOIR","7051050","2020-02-16 23:00","2020","02","16","23:00","","M","","M","","M","","M","25","","16","","","","101.07","","","","","","NA"
"-64.32","48.42","CAP-D'ESPOIR","7051050","2020-02-17 00:00","2020","02","17","00:00","","M","","M","","M","","M","26","","11","","","","101.10","","","","","","NA"
"-64.32","48.42","CAP-D'ESPOIR","7051050","2020-02-17 01:00","2020","02","17","01:00","","M","","M","","M","","M","26","","12","","","","101.07","","","","","","NA"
"-64.32","48.42","CAP-D'ESPOIR","7051050","2020-02-17 02:00","2020","02","17","02:00","","M","","M","","M","","M","25","","12","","","","101.08","","","","","","NA"
"-64.32","48.42","CAP-D'ESPOIR","7051050","2020-02-17 03:00","2020","02","17","03:00","","M","","M","","M","","M","26","","13","","","","101.06","","","","","","NA"
"-64.32","48.42","CAP-D'ESPOIR","7051050","2020-02-17 04:00","2020","02","17","04:00","","M","","M","","M","","M","26","","14","","","","101.08","","","","","","NA"
"-64.32","48.42","CAP-D'ESPOIR","7051050","2020-02-17 05:00","2020","02","17","05:00","","M","","M","","M","","M","26","","14","","","","101.08","","","","","","NA"
"-64.32","48.42","CAP-D'ESPOIR","7051050","2020-02-17 06:00","2020","02","17","06:00","","M","","M","","M","","M","26","","14","","","","101.10","","","","","","NA"
"-64.32","48.42","CAP-D'ESPOIR","7051050","2020-02-17 07:00","2020","02","17","07:00","","M","","M","","M","","M","25","","12","","","","101.15","","","","","","NA"
"-64.32","48.42","CAP-D'ESPOIR","7051050","2020-02-17 08:00","2020","02","17","08:00","","M","","M","","M","","M","33","","3","","","","101.22","","","","","","NA"
"-64.32","48.42","CAP-D'ESPOIR","7051050","2020-02-17 09:00","2020","02","17","09:00","","M","","M","","M","","M","8","","18","","","","101.26","","","","","","NA"
"-64.32","48.42","CAP-D'ESPOIR","7051050","2020-02-17 10:00","2020","02","17","10:00","","M","","M","","M","","M","6","","15","","","","101.27","","","","","","NA"
"-64.32","48.42","CAP-D'ESPOIR","7051050","2020-02-17 11:00","2020","02","17","11:00","","M","","M","","M","","M","9","","11","","","","101.28","","","","","","NA"
"-64.32","48.42","CAP-D'ESPOIR","7051050","2020-02-17 12:00","2020","02","17","12:00","","M","","M","","M","","M","12","","8","","","","101.30","","","","","","NA"
"-64.32","48.42","CAP-D'ESPOIR","7051050","2020-02-17 13:00","2020","02","17","13:00","","M","","M","","M","","M","10","","7","","","","101.35","","","","","","NA"
"-64.32","48.42","CAP-D'ESPOIR","7051050","2020-02-17 14:00","2020","02","17","14:00","","M","","M","","M","","M","35","","13","","","","101.45","","","","","","NA"
"-64.32","48.42","CAP-D'ESPOIR","7051050","2020-02-17 15:00","2020","02","17","15:00","","M","","M","","M","","M","4","","13","","","","101.57","","","","","","NA"
"-64.32","48.42","CAP-D'ESPOIR","7051050","2020-02-17 16:00","2020","02","17","16:00","","M","","M","","M","","M","36","","12","","","","101.71","","","","","","NA"
"-64.32","48.42","CAP-D'ESPOIR","7051050","2020-02-17 17:00","2020","02","17","17:00","","M","","M","","M","","M","35","","14","","","","101.88","","","","","","NA"
"-64.32","48.42","CAP-D'ESPOIR","7051050","2020-02-17 18:00","2020","02","17","18:00","","M","","M","","M","","M","34","","8","","","","102.05","","","","","","NA"
"-64.32","48.42","CAP-D'ESPOIR","7051050","2020-02-17 19:00","2020","02","17","19:00","","M","","M","","M","","M","33","","10","","","","102.18","","","","","","NA"
"-64.32","48.42","CAP-D'ESPOIR","7051050","2020-02-17 20:00","2020","02","17","20:00","","M","","M","","M","","M","28","","10","","","","102.28","","","","","","NA"
"-64.32","48.42","CAP-D'ESPOIR","7051050","2020-02-17 21:00","2020","02","17","21:00","","M","","M","","M","","M","30","","6","","","","102.37","","","","","","NA"
"-64.32","48.42","CAP-D'ESPOIR","7051050","2020-02-17 22:00","2020","02","17","22:00","","M","","M","","M","","M","25","","12","","","","102.46","","","","","","NA"
"-64.32","48.42","CAP-D'ESPOIR","7051050","2020-02-17 23:00","2020","02","17","23:00","","M","","M","","M","","M","27","","15","","","","102.55","","","","","","NA"
"-64.32","48.42","CAP-D'ESPOIR","7051050","2020-02-18 00:00","2020","02","18","00:00","","M","","M","","M","","M","28","","8","","","","102.61","","","","","","NA"
"-64.32","48.42","CAP-D'ESPOIR","7051050","2020-02-18 01:00","2020","02","18","01:00","","M","","M","","M","","M","29","","15","","","","102.73","","","","","","NA"
"-64.32","48.42","CAP-D'ESPOIR","7051050","2020-02-18 02:00","2020","02","18","02:00","","M","","M","","M","","M","29","","12","","","","102.81","","","","","","NA"
"-64.32","48.42","CAP-D'ESPOIR","7051050","2020-02-18 03:00","2020","02","18","03:00","","M","","M","","M","","M","28","","16","","","","102.93","","","","","","NA"
"-64.32","48.42","CAP-D'ESPOIR","7051050","2020-02-18 04:00","2020","02","18","04:00","","M","","M","","M","","M","29","","13","","","","103.00","","","","","","NA"
"-64.32","48.42","CAP-D'ESPOIR","7051050","2020-02-18 05:00","2020","02","18","05:00","","M","","M","","M","","M","29","","17","","","","103.05","","","","","","NA"
"-64.32","48.42","CAP-D'ESPOIR","7051050","2020-02-18 06:00","2020","02","18","06:00","","M","","M","","M","","M","27","","15","","","","103.17","","","","","","NA"
"-64.32","48.42","CAP-D'ESPOIR","7051050","2020-02-18 07:00","2020","02","18","07:00","","M","","M","","M","","M","28","","14","","","","103.18","","","","","","NA"
"-64.32","48.42","CAP-D'ESPOIR","7051050","2020-02-18 08:00","2020","02","18","08:00","","M","","M","","M","","M","30","","13","","","","103.26","","","","","","NA"
"-64.32","48.42","CAP-D'ESPOIR","7051050","2020-02-18 09:00","2020","02","18","09:00","","M","","M","","M","","M","32","","4","","","","103.15","","","","","","NA"
"-64.32","48.42","CAP-D'ESPOIR","7051050","2020-02-18 10:00","2020","02","18","10:00","","M","","M","","M","","M","24","","7","","","","103.19","","","","","","NA"
"-64.32","48.42","CAP-D'ESPOIR","7051050","2020-02-18 11:00","2020","02","18","11:00","","M","","M","","M","","M","23","","15","","","","103.22","","","","","","NA"
"-64.32","48.42","CAP-D'ESPOIR","7051050","2020-02-18 12:00","2020","02","18","12:00","","M","","M","","M","","M","21","","14","","","","103.08","","","","","","NA"
"-64.32","48.42","CAP-D'ESPOIR","7051050","2020-02-18 13:00","2020","02","18","13:00","","M","","M","","M","","M","22","","22","","","","103.05","","","","","","NA"
"-64.32","48.42","CAP-D'ESPOIR","7051050","2020-02-18 14:00","2020","02","18","14:00","","M","","M","","M","","M","22","","24","","","","103.01","","","","","","NA"
"-64.32","48.42","CAP-D'ESPOIR","7051050","2020-02-18 15:00","2020","02","18","15:00","","M","","M","","M","","M","22","","23","","","","102.93","","","","","","NA"
"-64.32","48.42","CAP-D'ESPOIR","7051050","2020-02-18 16:00","2020","02","18","16:00","","M","","M","","M","","M","20","","31","","","","102.79","","","","","","NA"
"-64.32","48.42","CAP-D'ESPOIR","7051050","2020-02-18 17:00","2020","02","18","17:00","","M","","M","","M","","M","20","","32","","","","102.68","","","","","","NA"
"-64.32","48.42","CAP-D'ESPOIR","7051050","2020-02-18 18:00","2020","02","18","18:00","","M","","M","","M","","M","18","","31","","","","102.55","","","","","","NA"
"-64.32","48.42","CAP-D'ESPOIR","7051050","2020-02-18 19:00","2020","02","18","19:00","","M","","M","","M","","M","19","","34","","","","102.43","","","","","","NA"
"-64.32","48.42","CAP-D'ESPOIR","7051050","2020-02-18 20:00","2020","02","18","20:00","","M","","M","","M","","M","18","","36","","","","102.28","","","","","","NA"
"-64.32","48.42","CAP-D'ESPOIR","7051050","2020-02-18 21:00","2020","02","18","21:00","","M","","M","","M","","M","18","","37","","","","102.08","","","","","","NA"
"-64.32","48.42","CAP-D'ESPOIR","7051050","2020-02-18 22:00","2020","02","18","22:00","","M","","M","","M","","M","18","","37","","","","101.87","","","","","","NA"
"-64.32","48.42","CAP-D'ESPOIR","7051050","2020-02-18 23:00","2020","02","18","23:00","","M","","M","","M","","M","18","","38","","","","101.58","","","","","","NA"
"-64.32","48.42","CAP-D'ESPOIR","7051050","2020-02-19 00:00","2020","02","19","00:00","","M","","M","","M","","M","19","","35","","","","101.36","","","","","","NA"
"-64.32","48.42","CAP-D'ESPOIR","7051050","2020-02-19 01:00","2020","02","19","01:00","","M","","M","","M","","M","18","","34","","","","101.12","","","","","","NA"
"-64.32","48.42","CAP-D'ESPOIR","7051050","2020-02-19 02:00","2020","02","19","02:00","","M","","M","","M","","M","18","","30","","","","100.89","","","","","","NA"
"-64.32","48.42","CAP-D'ESPOIR","7051050","2020-02-19 03:00","2020","02","19","03:00","","M","","M","","M","","M","19","","24","","","","100.62","","","","","","NA"
"-64.32","48.42","CAP-D'ESPOIR","7051050","2020-02-19 04:00","2020","02","19","04:00","","M","","M","","M","","M","21","","12","","","","100.37","","","","","","NA"
"-64.32","48.42","CAP-D'ESPOIR","7051050","2020-02-19 05:00","2020","02","19","05:00","","M","","M","","M","","M","24","","10","","","","100.14","","","","","","NA"
"-64.32","48.42","CAP-D'ESPOIR","7051050","2020-02-19 06:00","2020","02","19","06:00","","M","","M","","M","","M","25","","11","","","","99.95","","","","","","NA"
"-64.32","48.42","CAP-D'ESPOIR","7051050","2020-02-19 07:00","2020","02","19","07:00","","M","","M","","M","","M","26","","11","","","","99.87","","","","","","NA"
"-64.32","48.42","CAP-D'ESPOIR","7051050","2020-02-19 08:00","2020","02","19","08:00","","M","","M","","M","","M","25","","22","","","","99.81","","","","","","NA"
"-64.32","48.42","CAP-D'ESPOIR","7051050","2020-02-19 09:00","2020","02","19","09:00","","M","","M","","M","","M","24","","19","","","","99.76","","","","","","NA"
"-64.32","48.42","CAP-D'ESPOIR","7051050","2020-02-19 10:00","2020","02","19","10:00","","M","","M","","M","","M","24","","21","","","","99.74","","","","","","NA"
"-64.32","48.42","CAP-D'ESPOIR","7051050","2020-02-19 11:00","2020","02","19","11:00","","M","","M","","M","","M","27","","27","","","","99.73","","","","","","NA"
"-64.32","48.42","CAP-D'ESPOIR","7051050","2020-02-19 12:00","2020","02","19","12:00","","M","","M","","M","","M","28","","25","","","","99.76","","","","","","NA"
"-64.32","48.42","CAP-D'ESPOIR","7051050","2020-02-19 13:00","2020","02","19","13:00","","M","","M","","M","","M","28","","24","","","","99.79","","","","","","NA"
"-64.32","48.42","CAP-D'ESPOIR","7051050","2020-02-19 14:00","2020","02","19","14:00","","M","","M","","M","","M","28","","33","","","","99.83","","","","","","NA"
"-64.32","48.42","CAP-D'ESPOIR","7051050","2020-02-19 15:00","2020","02","19","15:00","","M","","M","","M","","M","28","","40","","","","99.94","","","","","","NA"
"-64.32","48.42","CAP-D'ESPOIR","7051050","2020-02-19 16:00","2020","02","19","16:00","","M","","M","","M","","M","27","","27","","","","100.08","","","","","","NA"
"-64.32","48.42","CAP-D'ESPOIR","7051050","2020-02-19 17:00","2020","02","19","17:00","","M","","M","","M","","M","27","","27","","","","100.17","","","","","","NA"
"-64.32","48.42","CAP-D'ESPOIR","7051050","2020-02-19 18:00","2020","02","19","18:00","","M","","M","","M","","M","27","","24","","","","100.29","","","","","","NA"
"-64.32","48.42","CAP-D'ESPOIR","7051050","2020-02-19 19:00","2020","02","19","19:00","","M","","M","","M","","M","28","","28","","","","100.40","","","","","","NA"
"-64.32","48.42","CAP-D'ESPOIR","7051050","2020-02-19 20:00","2020","02","19","20:00","","M","","M","","M","","M","27","","29","","","","100.50","","","","","","NA"
"-64.32","48.42","CAP-D'ESPOIR","7051050","2020-02-19 21:00","2020","02","19","21:00","","M","","M","","M","","M","27","","23","","","","100.60","","","","","","NA"
"-64.32","48.42","CAP-D'ESPOIR","7051050","2020-02-19 22:00","2020","02","19","22:00","","M","","M","","M","","M","28","","26","","","","100.69","","","","","","NA"
"-64.32","48.42","CAP-D'ESPOIR","7051050","2020-02-19 23:00","2020","02","19","23:00","","M","","M","","M","","M","28","","18","","","","100.89","","","","","","NA"
"-64.32","48.42","CAP-D'ESPOIR","7051050","2020-02-20 00:00","2020","02","20","00:00","","M","","M","","M","","M","28","","28","","","","100.98","","","","","","NA"
"-64.32","48.42","CAP-D'ESPOIR","7051050","2020-02-20 01:00","2020","02","20","01:00","","M","","M","","M","","M","28","","22","","","","101.06","","","","","","NA"
"-64.32","48.42","CAP-D'ESPOIR","7051050","2020-02-20 02:00","2020","02","20","02:00","","M","","M","","M","","M","29","","24","","","","101.19","","","","","","NA"
"-64.32","48.42","CAP-D'ESPOIR","7051050","2020-02-20 03:00","2020","02","20","03:00","","M","","M","","M","","M","27","","15","","","","101.28","","","","","","NA"
"-64.32","48.42","CAP-D'ESPOIR","7051050","2020-02-20 04:00","2020","02","20","04:00","","M","","M","","M","","M","28","","13","","","","101.43","","","","","","NA"
"-64.32","48.42","CAP-D'ESPOIR","7051050","2020-02-20 05:00","2020","02","20","05:00","","M","","M","","M","","M","27","","17","","","","101.52","","","","","","NA"
"-64.32","48.42","CAP-D'ESPOIR","7051050","2020-02-20 06:00","2020","02","20","06:00","","M","","M","","M","","M","27","","16","","","","101.59","","","","","","NA"
"-64.32","48.42","CAP-D'ESPOIR","7051050","2020-02-20 07:00","2020","02","20","07:00","","M","","M","","M","","M","27","","14","","","","101.68","","","","","","NA"
"-64.32","48.42","CAP-D'ESPOIR","7051050","2020-02-20 08:00","2020","02","20","08:00","","M","","M","","M","","M","26","","15","","","","101.71","","","","","","NA"
"-64.32","48.42","CAP-D'ESPOIR","7051050","2020-02-20 09:00","2020","02","20","09:00","","M","","M","","M","","M","28","","11","","","","101.73","","","","","","NA"
"-64.32","48.42","CAP-D'ESPOIR","7051050","2020-02-20 10:00","2020","02","20","10:00","","M","","M","","M","","M","27","","12","","","","101.71","","","","","","NA"
"-64.32","48.42","CAP-D'ESPOIR","7051050","2020-02-20 11:00","2020","02","20","11:00","","M","","M","","M","","M","25","","10","","","","101.71","","","","","","NA"
"-64.32","48.42","CAP-D'ESPOIR","7051050","2020-02-20 12:00","2020","02","20","12:00","","M","","M","","M","","M","25","","14","","","","101.66","","","","","","NA"
"-64.32","48.42","CAP-D'ESPOIR","7051050","2020-02-20 13:00","2020","02","20","13:00","","M","","M","","M","","M","25","","20","","","","101.65","","","","","","NA"
"-64.32","48.42","CAP-D'ESPOIR","7051050","2020-02-20 14:00","2020","02","20","14:00","","M","","M","","M","","M","26","","24","","","","101.63","","","","","","NA"
"-64.32","48.42","CAP-D'ESPOIR","7051050","2020-02-20 15:00","2020","02","20","15:00","","M","","M","","M","","M","26","","23","","","","101.67","","","","","","NA"
"-64.32","48.42","CAP-D'ESPOIR","7051050","2020-02-20 16:00","2020","02","20","16:00","","M","","M","","M","","M","27","","23","","","","101.72","","","","","","NA"
"-64.32","48.42","CAP-D'ESPOIR","7051050","2020-02-20 17:00","2020","02","20","17:00","","M","","M","","M","","M","29","","19","","","","101.82","","","","","","NA"
"-64.32","48.42","CAP-D'ESPOIR","7051050","2020-02-20 18:00","2020","02","20","18:00","","M","","M","","M","","M","28","","19","","","","101.94","","","","","","NA"
"-64.32","48.42","CAP-D'ESPOIR","7051050","2020-02-20 19:00","2020","02","20","19:00","","M","","M","","M","","M","27","","12","","","","102.03","","","","","","NA"
"-64.32","48.42","CAP-D'ESPOIR","7051050","2020-02-20 20:00","2020","02","20","20:00","","M","","M","","M","","M","26","","10","","","","102.07","","","","","","NA"
"-64.32","48.42","CAP-D'ESPOIR","7051050","2020-02-20 21:00","2020","02","20","21:00","","M","","M","","M","","M","27","","11","","","","102.11","","","","","","NA"
"-64.32","48.42","CAP-D'ESPOIR","7051050","2020-02-20 22:00","2020","02","20","22:00","","M","","M","","M","","M","26","","12","","","","102.11","","","","","","NA"
"-64.32","48.42","CAP-D'ESPOIR","7051050","2020-02-20 23:00","2020","02","20","23:00","","M","","M","","M","","M","26","","5","","","","102.11","","","","","","NA"
"-64.32","48.42","CAP-D'ESPOIR","7051050","2020-02-21 00:00","2020","02","21","00:00","","M","","M","","M","","M","25","","10","","","","102.12","","","","","","NA"
"-64.32","48.42","CAP-D'ESPOIR","7051050","2020-02-21 01:00","2020","02","21","01:00","","M","","M","","M","","M","29","","6","","","","102.17","","","","","","NA"
"-64.32","48.42","CAP-D'ESPOIR","7051050","2020-02-21 02:00","2020","02","21","02:00","","M","","M","","M","","M","32","","4","","","","102.18","","","","","","NA"
"-64.32","48.42","CAP-D'ESPOIR","7051050","2020-02-21 03:00","2020","02","21","03:00","","M","","M","","M","","M","25","","10","","","","102.14","","","","","","NA"
"-64.32","48.42","CAP-D'ESPOIR","7051050","2020-02-21 04:00","2020","02","21","04:00","","M","","M","","M","","M","27","","12","","","","102.18","","","","","","NA"
"-64.32","48.42","CAP-D'ESPOIR","7051050","2020-02-21 05:00","2020","02","21","05:00","","M","","M","","M","","M","26","","18","","","","102.19","","","","","","NA"
"-64.32","48.42","CAP-D'ESPOIR","7051050","2020-02-21 06:00","2020","02","21","06:00","","M","","M","","M","","M","27","","13","","","","102.21","","","","","","NA"
"-64.32","48.42","CAP-D'ESPOIR","7051050","2020-02-21 07:00","2020","02","21","07:00","","M","","M","","M","","M","26","","14","","","","102.23","","","","","","NA"
"-64.32","48.42","CAP-D'ESPOIR","7051050","2020-02-21 08:00","2020","02","21","08:00","","M","","M","","M","","M","27","","8","","","","102.26","","","","","","NA"
"-64.32","48.42","CAP-D'ESPOIR","7051050","2020-02-21 09:00","2020","02","21","09:00","","M","","M","","M","","M","25","","18","","","","102.21","","","","","","NA"
"-64.32","48.42","CAP-D'ESPOIR","7051050","2020-02-21 10:00","2020","02","21","10:00","","M","","M","","M","","M","24","","17","","","","102.12","","","","","","NA"
"-64.32","48.42","CAP-D'ESPOIR","7051050","2020-02-21 11:00","2020","02","21","11:00","","M","","M","","M","","M","24","","16","","","","102.07","","","","","","NA"
"-64.32","48.42","CAP-D'ESPOIR","7051050","2020-02-21 12:00","2020","02","21","12:00","","M","","M","","M","","M","23","","23","","","","101.94","","","","","","NA"
"-64.32","48.42","CAP-D'ESPOIR","7051050","2020-02-21 13:00","2020","02","21","13:00","","M","","M","","M","","M","23","","27","","","","101.84","","","","","","NA"
"-64.32","48.42","CAP-D'ESPOIR","7051050","2020-02-21 14:00","2020","02","21","14:00","","M","","M","","M","","M","23","","30","","","","101.76","","","","","","NA"
"-64.32","48.42","CAP-D'ESPOIR","7051050","2020-02-21 15:00","2020","02","21","15:00","","M","","M","","M","","M","23","","38","","","","101.72","","","","","","NA"
"-64.32","48.42","CAP-D'ESPOIR","7051050","2020-02-21 16:00","2020","02","21","16:00","","M","","M","","M","","M","24","","41","","","","101.68","","","","","","NA"
"-64.32","48.42","CAP-D'ESPOIR","7051050","2020-02-21 17:00","2020","02","21","17:00","","M","","M","","M","","M","24","","33","","","","101.66","","","","","","NA"
"-64.32","48.42","CAP-D'ESPOIR","7051050","2020-02-21 18:00","2020","02","21","18:00","","M","","M","","M","","M","25","","34","","","","101.63","","","","","","NA"
"-64.32","48.42","CAP-D'ESPOIR","7051050","2020-02-21 19:00","2020","02","21","19:00","","M","","M","","M","","M","26","","19","","","","101.57","","","","","","NA"
"-64.32","48.42","CAP-D'ESPOIR","7051050","2020-02-21 20:00","2020","02","21","20:00","","M","","M","","M","","M","25","","20","","","","101.52","","","","","","NA"
"-64.32","48.42","CAP-D'ESPOIR","7051050","2020-02-21 21:00","2020","02","21","21:00","","M","","M","","M","","M","26","","17","","","","101.39","","","","","","NA"
"-64.32","48.42","CAP-D'ESPOIR","7051050","2020-02-21 22:00","2020","02","21","22:00","","M","","M","","M","","M","22","","44","","","","101.25","","","","","","NA"
"-64.32","48.42","CAP-D'ESPOIR","7051050","2020-02-21 23:00","2020","02","21","23:00","","M","","M","","M","","M","23","","50","","","","101.12","","","","","","NA"
"-64.32","48.42","CAP-D'ESPOIR","7051050","2020-02-22 00:00","2020","02","22","00:00","","M","","M","","M","","M","22","","41","","","","101.10","","","","","","NA"
"-64.32","48.42","CAP-D'ESPOIR","7051050","2020-02-22 01:00","2020","02","22","01:00","","M","","M","","M","","M","23","","40","","","","101.02","","","","","","NA"
"-64.32","48.42","CAP-D'ESPOIR","7051050","2020-02-22 02:00","2020","02","22","02:00","","M","","M","","M","","M","22","","38","","","","100.92","","","","","","NA"
"-64.32","48.42","CAP-D'ESPOIR","7051050","2020-02-22 03:00","2020","02","22","03:00","","M","","M","","M","","M","23","","44","","","","100.80","","","","","","NA"
"-64.32","48.42","CAP-D'ESPOIR","7051050","2020-02-22 04:00","2020","02","22","04:00","","M","","M","","M","","M","26","","24","","","","100.76","","","","","","NA"
"-64.32","48.42","CAP-D'ESPOIR","7051050","2020-02-22 05:00","2020","02","22","05:00","","M","","M","","M","","M","26","","23","","","","100.72","","","","","","NA"
"-64.32","48.42","CAP-D'ESPOIR","7051050","2020-02-22 06:00","2020","02","22","06:00","","M","","M","","M","","M","25","","22","","","","100.70","","","","","","NA"
"-64.32","48.42","CAP-D'ESPOIR","7051050","2020-02-22 07:00","2020","02","22","07:00","","M","","M","","M","","M","25","","19","","","","100.70","","","","","","NA"
"-64.32","48.42","CAP-D'ESPOIR","7051050","2020-02-22 08:00","2020","02","22","08:00","","M","","M","","M","","M","26","","21","","","","100.73","","","","","","NA"
"-64.32","48.42","CAP-D'ESPOIR","7051050","2020-02-22 09:00","2020","02","22","09:00","","M","","M","","M","","M","25","","28","","","","100.70","","","","","","NA"
"-64.32","48.42","CAP-D'ESPOIR","7051050","2020-02-22 10:00","2020","02","22","10:00"
"-64.32","48.42","CAP-D'ESPOIR","7051050","2020-02-22 11:00","2020","02","22","11:00","","M","","M","","M","","M","24","","35","","","","100.62","","","","","","NA"
"-64.32","48.42","CAP-D'ESPOIR","7051050","2020-02-22 12:00","2020","02","22","12:00","","M","","M","","M","","M","24","","33","","","","100.57","","","","","","NA"
"-64.32","48.42","CAP-D'ESPOIR","7051050","2020-02-22 13:00","2020","02","22","13:00","","M","","M","","M","","M","23","","39","","","","100.53","","","","","","NA"
"-64.32","48.42","CAP-D'ESPOIR","7051050","2020-02-22 14:00","2020","02","22","14:00","","M","","M","","M","","M","23","","38","","","","100.55","","","","","","NA"
"-64.32","48.42","CAP-D'ESPOIR","7051050","2020-02-22 15:00","2020","02","22","15:00","","M","","M","","M","","M","23","","34","","","","100.57","","","","","","NA"
"-64.32","48.42","CAP-D'ESPOIR","7051050","2020-02-22 16:00","2020","02","22","16:00","","M","","M","","M","","M","23","","34","","","","100.63","","","","","","NA"
"-64.32","48.42","CAP-D'ESPOIR","7051050","2020-02-22 17:00","2020","02","22","17:00","","M","","M","","M","","M","24","","36","","","","100.69","","","","","","NA"
"-64.32","48.42","CAP-D'ESPOIR","7051050","2020-02-22 18:00","2020","02","22","18:00","","M","","M","","M","","M","25","","18","","","","100.77","","","","","","NA"
"-64.32","48.42","CAP-D'ESPOIR","7051050","2020-02-22 19:00","2020","02","22","19:00","","M","","M","","M","","M","25","","22","","","","100.82","","","","","","NA"
"-64.32","48.42","CAP-D'ESPOIR","7051050","2020-02-22 20:00","2020","02","22","20:00","","M","","M","","M","","M","25","","20","","","","100.87","","","","","","NA"
"-64.32","48.42","CAP-D'ESPOIR","7051050","2020-02-22 21:00","2020","02","22","21:00","","M","","M","","M","","M","24","","23","","","","100.87","","","","","","NA"
"-64.32","48.42","CAP-D'ESPOIR","7051050","2020-02-22 22:00","2020","02","22","22:00","","M","","M","","M","","M","26","","17","","","","100.89","","","","","","NA"
"-64.32","48.42","CAP-D'ESPOIR","7051050","2020-02-22 23:00","2020","02","22","23:00","","M","","M","","M","","M","26","","20","","","","100.80","","","","","","NA"
"-64.32","48.42","CAP-D'ESPOIR","7051050","2020-02-23 00:00","2020","02","23","00:00","","M","","M","","M","","M","26","","18","","","","100.82","","","","","","NA"
"-64.32","48.42","CAP-D'ESPOIR","7051050","2020-02-23 01:00","2020","02","23","01:00","","M","","M","","M","","M","27","","17","","","","100.84","","","","","","NA"
"-64.32","48.42","CAP-D'ESPOIR","7051050","2020-02-23 02:00","2020","02","23","02:00","","M","","M","","M","","M","26","","17","","","","100.86","","","","","","NA"
"-64.32","48.42","CAP-D'ESPOIR","7051050","2020-02-23 03:00","2020","02","23","03:00","","M","","M","","M","","M","26","","17","","","","100.89","","","","","","NA"
"-64.32","48.42","CAP-D'ESPOIR","7051050","2020-02-23 04:00","2020","02","23","04:00","","M","","M","","M","","M","26","","13","","","","100.94","","","","","","NA"
"-64.32","48.42","CAP-D'ESPOIR","7051050","2020-02-23 05:00","2020","02","23","05:00","","M","","M","","M","","M","26","","18","","","","100.99","","","","","","NA"
"-64.32","48.42","CAP-D'ESPOIR","7051050","2020-02-23 06:00","2020","02","23","06:00","","M","","M","","M","","M","25","","19","","","","101.04","","","","","","NA"
"-64.32","48.42","CAP-D'ESPOIR","7051050","2020-02-23 07:00","2020","02","23","07:00","","M","","M","","M","","M","26","","18","","","","101.12","","","","","","NA"
"-64.32","48.42","CAP-D'ESPOIR","7051050","2020-02-23 08:00","2020","02","23","08:00","","M","","M","","M","","M","25","","20","","","","101.16","","","","","","NA"
"-64.32","48.42","CAP-D'ESPOIR","7051050","2020-02-23 09:00","2020","02","23","09:00","","M","","M","","M","","M","26","","21","","","","101.13","","","","","","NA"
"-64.32","48.42","CAP-D'ESPOIR","7051050","2020-02-23 10:00","2020","02","23","10:00","","M","","M","","M","","M","25","","18","","","","101.07","","","","","","NA"
"-64.32","48.42","CAP-D'ESPOIR","7051050","2020-02-23 11:00","2020","02","23","11:00","","M","","M","","M","","M","22","","28","","","","101.09","","","","","","NA"
"-64.32","48.42","CAP-D'ESPOIR","7051050","2020-02-23 12:00","2020","02","23","12:00","","M","","M","","M","","M","22","","21","","","","101.07","","","","","","NA"
"-64.32","48.42","CAP-D'ESPOIR","7051050","2020-02-23 13:00","2020","02","23","13:00","","M","","M","","M","","M","22","","27","","","","101.02","","","","","","NA"
"-64.32","48.42","CAP-D'ESPOIR","7051050","2020-02-23 14:00","2020","02","23","14:00","","M","","M","","M","","M","23","","23","","","","101.01","","","","","","NA"
"-64.32","48.42","CAP-D'ESPOIR","7051050","2020-02-23 15:00","2020","02","23","15:00","","M","","M","","M","","M","23","","29","","","","101.05","","","","","","NA"
"-64.32","48.42","CAP-D'ESPOIR","7051050","2020-02-23 16:00","2020","02","23","16:00","","M","","M","","M","","M","24","","15","","","","101.10","","","","","","NA"
"-64.32","48.42","CAP-D'ESPOIR","7051050","2020-02-23 17:00","2020","02","23","17:00","","M","","M","","M","","M","22","","14","","","","101.21","","","","","","NA"
"-64.32","48.42","CAP-D'ESPOIR","7051050","2020-02-23 18:00","2020","02","23","18:00","","M","","M","","M","","M","8","","18","","","","101.33","","","","","","NA"
"-64.32","48.42","CAP-D'ESPOIR","7051050","2020-02-23 19:00","2020","02","23","19:00","","M","","M","","M","","M","4","","10","","","","101.41","","","","","","NA"
"-64.32","48.42","CAP-D'ESPOIR","7051050","2020-02-23 20:00","2020","02","23","20:00","","M","","M","","M","","M","5","","11","","","","101.46","","","","","","NA"
"-64.32","48.42","CAP-D'ESPOIR","7051050","2020-02-23 21:00","2020","02","23","21:00","","M","","M","","M","","M","2","","7","","","","101.48","","","","","","NA"
"-64.32","48.42","CAP-D'ESPOIR","7051050","2020-02-23 22:00","2020","02","23","22:00","","M","","M","","M","","M","9","","3","","","","101.50","","","","","","NA"
"-64.32","48.42","CAP-D'ESPOIR","7051050","2020-02-23 23:00","2020","02","23","23:00","","M","","M","","M","","M","4","","5","","","","101.53","","","","","","NA"
"-64.32","48.42","CAP-D'ESPOIR","7051050","2020-02-24 00:00","2020","02","24","00:00","","M","","M","","M","","M","2","","9","","","","101.55","","","","","","NA"
"-64.32","48.42","CAP-D'ESPOIR","7051050","2020-02-24 01:00","2020","02","24","01:00","","M","","M","","M","","M","36","","11","","","","101.55","","","","","","NA"
"-64.32","48.42","CAP-D'ESPOIR","7051050","2020-02-24 02:00","2020","02","24","02:00","","M","","M","","M","","M","36","","5","","","","101.57","","","","","","NA"
"-64.32","48.42","CAP-D'ESPOIR","7051050","2020-02-24 03:00","2020","02","24","03:00","","M","","M","","M","","M","2","","2","","","","101.54","","","","","","NA"
"-64.32","48.42","CAP-D'ESPOIR","7051050","2020-02-24 04:00","2020","02","24","04:00","","M","","M","","M","","M","1","","9","","","","101.52","","","","","","NA"
"-64.32","48.42","CAP-D'ESPOIR","7051050","2020-02-24 05:00","2020","02","24","05:00","","M","","M","","M","","M","2","","9","","","","101.51","","","","","","NA"
"-64.32","48.42","CAP-D'ESPOIR","7051050","2020-02-24 06:00","2020","02","24","06:00","","M","","M","","M","","M","2","","10","","","","101.47","","","","","","NA"
"-64.32","48.42","CAP-D'ESPOIR","7051050","2020-02-24 07:00","2020","02","24","07:00","","M","","M","","M","","M","4","","13","","","","101.47","","","","","","NA"
"-64.32","48.42","CAP-D'ESPOIR","7051050","2020-02-24 08:00","2020","02","24","08:00","","M","","M","","M","","M","2","","10","","","","101.53","","","","","","NA"
"-64.32","48.42","CAP-D'ESPOIR","7051050","2020-02-24 09:00","2020","02","24","09:00","","M","","M","","M","","M","3","","8","","","","101.46","","","","","","NA"
"-64.32","48.42","CAP-D'ESPOIR","7051050","2020-02-24 10:00","2020","02","24","10:00","","M","","M","","M","","M","17","","7","","","","101.42","","","","","","NA"
"-64.32","48.42","CAP-D'ESPOIR","7051050","2020-02-24 11:00","2020","02","24","11:00","","M","","M","","M","","M","20","","7","","","","101.34","","","","","","NA"
"-64.32","48.42","CAP-D'ESPOIR","7051050","2020-02-24 12:00","2020","02","24","12:00","","M","","M","","M","","M","20","","9","","","","101.23","","","","","","NA"
"-64.32","48.42","CAP-D'ESPOIR","7051050","2020-02-24 13:00","2020","02","24","13:00","","M","","M","","M","","M","21","","15","","","","101.21","","","","","","NA"
"-64.32","48.42","CAP-D'ESPOIR","7051050","2020-02-24 14:00","2020","02","24","14:00","","M","","M","","M","","M","21","","10","","","","101.15","","","","","","NA"
"-64.32","48.42","CAP-D'ESPOIR","7051050","2020-02-24 15:00","2020","02","24","15:00","","M","","M","","M","","M","19","","9","","","","101.08","","","","","","NA"
"-64.32","48.42","CAP-D'ESPOIR","7051050","2020-02-24 16:00","2020","02","24","16:00","","M","","M","","M","","M","24","","5","","","","101.06","","","","","","NA"
"-64.32","48.42","CAP-D'ESPOIR","7051050","2020-02-24 17:00","2020","02","24","17:00","","M","","M","","M","","M","0","","1","","","","101.03","","","","","","NA"
"-64.32","48.42","CAP-D'ESPOIR","7051050","2020-02-24 18:00","2020","02","24","18:00","","M","","M","","M","","M","33","","5","","","","101.02","","","","","","NA"
"-64.32","48.42","CAP-D'ESPOIR","7051050","2020-02-24 19:00","2020","02","24","19:00","","M","","M","","M","","M","36","","4","","","","101.02","","","","","","NA"
"-64.32","48.42","CAP-D'ESPOIR","7051050","2020-02-24 20:00","2020","02","24","20:00","","M","","M","","M","","M","33","","2","","","","100.98","","","","","","NA"
"-64.32","48.42","CAP-D'ESPOIR","7051050","2020-02-24 21:00","2020","02","24","21:00","","M","","M","","M","","M","30","","7","","","","100.92","","","","","","NA"
"-64.32","48.42","CAP-D'ESPOIR","7051050","2020-02-24 22:00","2020","02","24","22:00","","M","","M","","M","","M","26","","8","","","","100.88","","","","","","NA"
"-64.32","48.42","CAP-D'ESPOIR","7051050","2020-02-24 23:00","2020","02","24","23:00","","M","","M","","M","","M","26","","8","","","","100.88","","","","","","NA"
"-64.32","48.42","CAP-D'ESPOIR","7051050","2020-02-25 00:00","2020","02","25","00:00","","M","","M","","M","","M","26","","13","","","","100.92","","","","","","NA"
"-64.32","48.42","CAP-D'ESPOIR","7051050","2020-02-25 01:00","2020","02","25","01:00","","M","","M","","M","","M","25","","14","","","","100.92","","","","","","NA"
"-64.32","48.42","CAP-D'ESPOIR","7051050","2020-02-25 02:00","2020","02","25","02:00","","M","","M","","M","","M","27","","16","","","","100.91","","","","","","NA"
"-64.32","48.42","CAP-D'ESPOIR","7051050","2020-02-25 03:00","2020","02","25","03:00","","M","","M","","M","","M","27","","13","","","","100.94","","","","","","NA"
"-64.32","48.42","CAP-D'ESPOIR","7051050","2020-02-25 04:00","2020","02","25","04:00","","M","","M","","M","","M","26","","15","","","","100.99","","","","","","NA"
"-64.32","48.42","CAP-D'ESPOIR","7051050","2020-02-25 05:00","2020","02","25","05:00","","M","","M","","M","","M","26","","17","","","","101.02","","","","","","NA"
"-64.32","48.42","CAP-D'ESPOIR","7051050","2020-02-25 06:00","2020","02","25","06:00","","M","","M","","M","","M","29","","15","","","","101.03","","","","","","NA"
"-64.32","48.42","CAP-D'ESPOIR","7051050","2020-02-25 07:00","2020","02","25","07:00","","M","","M","","M","","M","33","","3","","","","101.12","","","","","","NA"
"-64.32","48.42","CAP-D'ESPOIR","7051050","2020-02-25 08:00","2020","02","25","08:00","","M","","M","","M","","M","16","","2","","","","101.20","","","","","","NA"
"-64.32","48.42","CAP-D'ESPOIR","7051050","2020-02-25 09:00","2020","02","25","09:00","","M","","M","","M","","M","26","","5","","","","101.20","","","","","","NA"
"-64.32","48.42","CAP-D'ESPOIR","7051050","2020-02-25 10:00","2020","02","25","10:00","","M","","M","","M","","M","24","","12","","","","101.21","","","","","","NA"
"-64.32","48.42","CAP-D'ESPOIR","7051050","2020-02-25 11:00","2020","02","25","11:00","","M","","M","","M","","M","24","","15","","","","101.20","","","","","","NA"
"-64.32","48.42","CAP-D'ESPOIR","7051050","2020-02-25 12:00","2020","02","25","12:00","","M","","M","","M","","M","21","","12","","","","101.15","","","","","","NA"
"-64.32","48.42","CAP-D'ESPOIR","7051050","2020-02-25 13:00","2020","02","25","13:00","","M","","M","","M","","M","5","","16","","","","101.16","","","","","","NA"
"-64.32","48.42","CAP-D'ESPOIR","7051050","2020-02-25 14:00","2020","02","25","14:00","","M","","M","","M","","M","6","","30","","","","101.16","","","","","","NA"
"-64.32","48.42","CAP-D'ESPOIR","7051050","2020-02-25 15:00","2020","02","25","15:00","","M","","M","","M","","M","7","","22","","","","101.21","","","","","","NA"
"-64.32","48.42","CAP-D'ESPOIR","7051050","2020-02-25 16:00","2020","02","25","16:00","","M","","M","","M","","M","5","","19","","","","101.26","","","","","","NA"
"-64.32","48.42","CAP-D'ESPOIR","7051050","2020-02-25 17:00","2020","02","25","17:00","","M","","M","","M","","M","5","","21","","","","101.28","","","","","","NA"
"-64.32","48.42","CAP-D'ESPOIR","7051050","2020-02-25 18:00","2020","02","25","18:00","","M","","M","","M","","M","5","","27","","","","101.33","","","","","","NA"
"-64.32","48.42","CAP-D'ESPOIR","7051050","2020-02-25 19:00","2020","02","25","19:00","","M","","M","","M","","M","5","","13","","","","101.35","","","","","","NA"
"-64.32","48.42","CAP-D'ESPOIR","7051050","2020-02-25 20:00","2020","02","25","20:00","","M","","M","","M","","M","7","","11","","","","101.34","","","","","","NA"
"-64.32","48.42","CAP-D'ESPOIR","7051050","2020-02-25 21:00","2020","02","25","21:00","","M","","M","","M","","M","26","","14","","","","101.38","","","","","","NA"
"-64.32","48.42","CAP-D'ESPOIR","7051050","2020-02-25 22:00","2020","02","25","22:00","","M","","M","","M","","M","28","","12","","","","101.33","","","","","","NA"
"-64.32","48.42","CAP-D'ESPOIR","7051050","2020-02-25 23:00","2020","02","25","23:00","","M","","M","","M","","M","26","","12","","","","101.32","","","","","","NA"
"-64.32","48.42","CAP-D'ESPOIR","7051050","2020-02-26 00:00","2020","02","26","00:00","","M","","M","","M","","M","29","","13","","","","101.30","","","","","","NA"
"-64.32","48.42","CAP-D'ESPOIR","7051050","2020-02-26 01:00","2020","02","26","01:00","","M","","M","","M","","M","31","","12","","","","101.32","","","","","","NA"
"-64.32","48.42","CAP-D'ESPOIR","7051050","2020-02-26 02:00","2020","02","26","02:00","","M","","M","","M","","M","31","","11","","","","101.34","","","","","","NA"
"-64.32","48.42","CAP-D'ESPOIR","7051050","2020-02-26 03:00","2020","02","26","03:00","","M","","M","","M","","M","31","","9","","","","101.32","","","","","","NA"
"-64.32","48.42","CAP-D'ESPOIR","7051050","2020-02-26 04:00","2020","02","26","04:00","","M","","M","","M","","M","26","","13","","","","101.35","","","","","","NA"
"-64.32","48.42","CAP-D'ESPOIR","7051050","2020-02-26 05:00","2020","02","26","05:00","","M","","M","","M","","M","28","","8","","","","101.38","","","","","","NA"
"-64.32","48.42","CAP-D'ESPOIR","7051050","2020-02-26 06:00","2020","02","26","06:00","","M","","M","","M","","M","31","","2","","","","101.40","","","","","","NA"
"-64.32","48.42","CAP-D'ESPOIR","7051050","2020-02-26 07:00","2020","02","26","07:00","","M","","M","","M","","M","27","","10","","","","101.48","","","","","","NA"
"-64.32","48.42","CAP-D'ESPOIR","7051050","2020-02-26 08:00","2020","02","26","08:00","","M","","M","","M","","M","5","","4","","","","101.57","","","","","","NA"
"-64.32","48.42","CAP-D'ESPOIR","7051050","2020-02-26 09:00","2020","02","26","09:00","","M","","M","","M","","M","15","","6","","","","101.61","","","","","","NA"
"-64.32","48.42","CAP-D'ESPOIR","7051050","2020-02-26 10:00","2020","02","26","10:00","","M","","M","","M","","M","15","","6","","","","101.66","","","","","","NA"
"-64.32","48.42","CAP-D'ESPOIR","7051050","2020-02-26 11:00","2020","02","26","11:00","","M","","M","","M","","M","10","","18","","","","101.68","","","","","","NA"
"-64.32","48.42","CAP-D'ESPOIR","7051050","2020-02-26 12:00","2020","02","26","12:00","","M","","M","","M","","M","8","","23","","","","101.66","","","","","","NA"
"-64.32","48.42","CAP-D'ESPOIR","7051050","2020-02-26 13:00","2020","02","26","13:00","","M","","M","","M","","M","9","","24","","","","101.67","","","","","","NA"
"-64.32","48.42","CAP-D'ESPOIR","7051050","2020-02-26 14:00","2020","02","26","14:00","","M","","M","","M","","M","6","","32","","","","101.72","","","","","","NA"
"-64.32","48.42","CAP-D'ESPOIR","7051050","2020-02-26 15:00","2020","02","26","15:00","","M","","M","","M","","M","4","","17","","","","101.80","","","","","","NA"
"-64.32","48.42","CAP-D'ESPOIR","7051050","2020-02-26 16:00","2020","02","26","16:00","","M","","M","","M","","M","1","","9","","","","101.90","","","","","","NA"
"-64.32","48.42","CAP-D'ESPOIR","7051050","2020-02-26 17:00","2020","02","26","17:00","","M","","M","","M","","M","3","","13","","","","102.00","","","","","","NA"
"-64.32","48.42","CAP-D'ESPOIR","7051050","2020-02-26 18:00","2020","02","26","18:00","","M","","M","","M","","M","3","","21","","","","102.09","","","","","","NA"
"-64.32","48.42","CAP-D'ESPOIR","7051050","2020-02-26 19:00","2020","02","26","19:00","","M","","M","","M","","M","1","","16","","","","102.13","","","","","","NA"
"-64.32","48.42","CAP-D'ESPOIR","7051050","2020-02-26 20:00","2020","02","26","20:00","","M","","M","","M","","M","2","","18","","","","102.18","","","","","","NA"
"-64.32","48.42","CAP-D'ESPOIR","7051050","2020-02-26 21:00","2020","02","26","21:00","","M","","M","","M","","M","3","","21","","","","102.22","","","","","","NA"
"-64.32","48.42","CAP-D'ESPOIR","7051050","2020-02-26 22:00","2020","02","26","22:00","","M","","M","","M","","M","3","","23","","","","102.23","","","","","","NA"
"-64.32","48.42","CAP-D'ESPOIR","7051050","2020-02-26 23:00","2020","02","26","23:00","","M","","M","","M","","M","3","","20","","","","102.30","","","","","","NA"
"-64.32","48.42","CAP-D'ESPOIR","7051050","2020-02-27 00:00","2020","02","27","00:00","","M","","M","","M","","M","4","","25","","","","102.32","","","","","","NA"
"-64.32","48.42","CAP-D'ESPOIR","7051050","2020-02-27 01:00","2020","02","27","01:00","","M","","M","","M","","M","4","","31","","","","102.33","","","","","","NA"
"-64.32","48.42","CAP-D'ESPOIR","7051050","2020-02-27 02:00","2020","02","27","02:00","","M","","M","","M","","M","6","","39","","","","102.30","","","","","","NA"
"-64.32","48.42","CAP-D'ESPOIR","7051050","2020-02-27 03:00","2020","02","27","03:00","","M","","M","","M","","M","6","","40","","","","102.36","","","","","","NA"
"-64.32","48.42","CAP-D'ESPOIR","7051050","2020-02-27 04:00","2020","02","27","04:00","","M","","M","","M","","M","6","","42","","","","102.33","","","","","","NA"
"-64.32","48.42","CAP-D'ESPOIR","7051050","2020-02-27 05:00","2020","02","27","05:00","","M","","M","","M","","M","5","","37","","","","102.45","","","","","","NA"
"-64.32","48.42","CAP-D'ESPOIR","7051050","2020-02-27 06:00","2020","02","27","06:00","","M","","M","","M","","M","5","","42","","","","102.34","","","","","","NA"
"-64.32","48.42","CAP-D'ESPOIR","7051050","2020-02-27 07:00","2020","02","27","07:00","","M","","M","","M","","M","7","","43","","","","102.35","","","","","","NA"
"-64.32","48.42","CAP-D'ESPOIR","7051050","2020-02-27 08:00","2020","02","27","08:00","","M","","M","","M","","M","6","","42","","","","102.31","","","","","","NA"
"-64.32","48.42","CAP-D'ESPOIR","7051050","2020-02-27 09:00","2020","02","27","09:00","","M","","M","","M","","M","7","","40","","","","102.21","","","","","","NA"
"-64.32","48.42","CAP-D'ESPOIR","7051050","2020-02-27 10:00","2020","02","27","10:00","","M","","M","","M","","M","6","","42","","","","102.13","","","","","","NA"
"-64.32","48.42","CAP-D'ESPOIR","7051050","2020-02-27 11:00","2020","02","27","11:00","","M","","M","","M","","M","7","","45","","","","101.96","","","","","","NA"
"-64.32","48.42","CAP-D'ESPOIR","7051050","2020-02-27 12:00","2020","02","27","12:00","","M","","M","","M","","M","7","","48","","","","101.78","","","","","","NA"
"-64.32","48.42","CAP-D'ESPOIR","7051050","2020-02-27 13:00","2020","02","27","13:00","","M","","M","","M","","M","7","","58","","","","101.56","","","","","","NA"
"-64.32","48.42","CAP-D'ESPOIR","7051050","2020-02-27 14:00","2020","02","27","14:00","","M","","M","","M","","M","7","","58","","","","101.37","","","","","","NA"
"-64.32","48.42","CAP-D'ESPOIR","7051050","2020-02-27 15:00","2020","02","27","15:00","","M","","M","","M","","M","7","","61","","","","101.16","","","","","","NA"
"-64.32","48.42","CAP-D'ESPOIR","7051050","2020-02-27 16:00","2020","02","27","16:00","","M","","M","","M","","M","7","","63","","","","100.88","","","","","","NA"
"-64.32","48.42","CAP-D'ESPOIR","7051050","2020-02-27 17:00","2020","02","27","17:00","","M","","M","","M","","M","7","","66","","","","100.61","","","","","","NA"
"-64.32","48.42","CAP-D'ESPOIR","7051050","2020-02-27 18:00","2020","02","27","18:00","","M","","M","","M","","M","7","","67","","","","100.44","","","","","","NA"
"-64.32","48.42","CAP-D'ESPOIR","7051050","2020-02-27 19:00","2020","02","27","19:00","","M","","M","","M","","M","7","","64","","","","100.29","","","","","","NA"
"-64.32","48.42","CAP-D'ESPOIR","7051050","2020-02-27 20:00","2020","02","27","20:00","","M","","M","","M","","M","6","","63","","","","100.03","","","","","","NA"
"-64.32","48.42","CAP-D'ESPOIR","7051050","2020-02-27 21:00","2020","02","27","21:00","","M","","M","","M","","M","6","","52","","","","99.99","","","","","","NA"
"-64.32","48.42","CAP-D'ESPOIR","7051050","2020-02-27 22:00","2020","02","27","22:00","","M","","M","","M","","M","5","","50","","","","99.88","","","","","","NA"
"-64.32","48.42","CAP-D'ESPOIR","7051050","2020-02-27 23:00","2020","02","27","23:00","","M","","M","","M","","M","7","","54","","","","99.62","","","","","","NA"
"-64.32","48.42","CAP-D'ESPOIR","7051050","2020-02-28 00:00","2020","02","28","00:00","","M","","M","","M","","M","8","","62","","","","99.45","","","","","","NA"
"-64.32","48.42","CAP-D'ESPOIR","7051050","2020-02-28 01:00","2020","02","28","01:00","","M","","M","","M","","M","7","","56","","","","99.31","","","","","","NA"
"-64.32","48.42","CAP-D'ESPOIR","7051050","2020-02-28 02:00","2020","02","28","02:00","","M","","M","","M","","M","7","","51","","","","99.16","","","","","","NA"
"-64.32","48.42","CAP-D'ESPOIR","7051050","2020-02-28 03:00","2020","02","28","03:00","","M","","M","","M","","M","7","","45","","","","99.03","","","","","","NA"
"-64.32","48.42","CAP-D'ESPOIR","7051050","2020-02-28 04:00","2020","02","28","04:00","","M","","M","","M","","M","6","","50","","","","98.90","","","","","","NA"
"-64.32","48.42","CAP-D'ESPOIR","7051050","2020-02-28 05:00","2020","02","28","05:00","","M","","M","","M","","M","6","","31","","","","98.83","","","","","","NA"
"-64.32","48.42","CAP-D'ESPOIR","7051050","2020-02-28 06:00","2020","02","28","06:00","","M","","M","","M","","M","5","","24","","","","98.74","","","","","","NA"
"-64.32","48.42","CAP-D'ESPOIR","7051050","2020-02-28 07:00","2020","02","28","07:00","","M","","M","","M","","M","4","","19","","","","98.80","","","","","","NA"
"-64.32","48.42","CAP-D'ESPOIR","7051050","2020-02-28 08:00","2020","02","28","08:00","","M","","M","","M","","M","2","","20","","","","98.86","","","","","","NA"
"-64.32","48.42","CAP-D'ESPOIR","7051050","2020-02-28 09:00","2020","02","28","09:00","","M","","M","","M","","M","36","","14","","","","98.92","","","","","","NA"
"-64.32","48.42","CAP-D'ESPOIR","7051050","2020-02-28 10:00","2020","02","28","10:00","","M","","M","","M","","M","35","","15","","","","99.00","","","","","","NA"
"-64.32","48.42","CAP-D'ESPOIR","7051050","2020-02-28 11:00","2020","02","28","11:00","","M","","M","","M","","M","32","","13","","","","99.08","","","","","","NA"
"-64.32","48.42","CAP-D'ESPOIR","7051050","2020-02-28 12:00","2020","02","28","12:00","","M","","M","","M","","M","24","","33","","","","99.12","","","","","","NA"
"-64.32","48.42","CAP-D'ESPOIR","7051050","2020-02-28 13:00","2020","02","28","13:00","","M","","M","","M","","M","24","","43","","","","99.19","","","","","","NA"
"-64.32","48.42","CAP-D'ESPOIR","7051050","2020-02-28 14:00","2020","02","28","14:00","","M","","M","","M","","M","25","","42","","","","99.28","","","","","","NA"
"-64.32","48.42","CAP-D'ESPOIR","7051050","2020-02-28 15:00","2020","02","28","15:00","","M","","M","","M","","M","25","","37","","","","99.38","","","","","","NA"
"-64.32","48.42","CAP-D'ESPOIR","7051050","2020-02-28 16:00","2020","02","28","16:00","","M","","M","","M","","M","25","","32","","","","99.49","","","","","","NA"
"-64.32","48.42","CAP-D'ESPOIR","7051050","2020-02-28 17:00","2020","02","28","17:00","","M","","M","","M","","M","27","","18","","","","99.62","","","","","","NA"
"-64.32","48.42","CAP-D'ESPOIR","7051050","2020-02-28 18:00","2020","02","28","18:00","","M","","M","","M","","M","28","","21","","","","99.69","","","","","","NA"
"-64.32","48.42","CAP-D'ESPOIR","7051050","2020-02-28 19:00","2020","02","28","19:00","","M","","M","","M","","M","27","","16","","","","99.78","","","","","","NA"
"-64.32","48.42","CAP-D'ESPOIR","7051050","2020-02-28 20:00","2020","02","28","20:00","","M","","M","","M","","M","26","","16","","","","99.87","","","","","","NA"
"-64.32","48.42","CAP-D'ESPOIR","7051050","2020-02-28 21:00","2020","02","28","21:00","","M","","M","","M","","M","26","","26","","","","99.90","","","","","","NA"
"-64.32","48.42","CAP-D'ESPOIR","7051050","2020-02-28 22:00","2020","02","28","22:00","","M","","M","","M","","M","26","","25","","","","99.88","","","","","","NA"
"-64.32","48.42","CAP-D'ESPOIR","7051050","2020-02-28 23:00","2020","02","28","23:00","","M","","M","","M","","M","25","","30","","","","99.91","","","","","","NA"
"-64.32","48.42","CAP-D'ESPOIR","7051050","2020-02-29 00:00","2020","02","29","00:00","","M","","M","","M","","M","26","","22","","","","99.95","","","","","","NA"
"-64.32","48.42","CAP-D'ESPOIR","7051050","2020-02-29 01:00","2020","02","29","01:00","","M","","M","","M","","M","25","","25","","","","99.99","","","","","","NA"
"-64.32","48.42","CAP-D'ESPOIR","7051050","2020-02-29 02:00","2020","02","29","02:00","","M","","M","","M","","M","25","","25","","","","100.00","","","","","","NA"
"-64.32","48.42","CAP-D'ESPOIR","7051050","2020-02-29 03:00","2020","02","29","03:00","","M","","M","","M","","M","25","","24","","","","100.03","","","","","","NA"
"-64.32","48.42","CAP-D'ESPOIR","7051050","2020-02-29 04:00","2020","02","29","04:00","","M","","M","","M","","M","25","","27","","","","100.06","","","","","","NA"
"-64.32","48.42","CAP-D'ESPOIR","7051050","2020-02-29 05:00","2020","02","29","05:00","","M","","M","","M","","M","25","","23","","","","100.10","","","","","","NA"
"-64.32","48.42","CAP-D'ESPOIR","7051050","2020-02-29 06:00","2020","02","29","06:00","","M","","M","","M","","M","26","","15","","","","100.15","","","","","","NA"
"-64.32","48.42","CAP-D'ESPOIR","7051050","2020-02-29 07:00","2020","02","29","07:00","","M","","M","","M","","M","26","","16","","","","100.20","","","","","","NA"
"-64.32","48.42","CAP-D'ESPOIR","7051050","2020-02-29 08:00","2020","02","29","08:00","","M","","M","","M","","M","26","","20","","","","100.29","","","","","","NA"
"-64.32","48.42","CAP-D'ESPOIR","7051050","2020-02-29 09:00","2020","02","29","09:00","","M","","M","","M","","M","24","","19","","","","100.33","","","","","","NA"
"-64.32","48.42","CAP-D'ESPOIR","7051050","2020-02-29 10:00","2020","02","29","10:00","","M","","M","","M","","M","24","","30","","","","100.36","","","","","","NA"
"-64.32","48.42","CAP-D'ESPOIR","7051050","2020-02-29 11:00","2020","02","29","11:00","","M","","M","","M","","M","23","","25","","","","100.38","","","","","","NA"
"-64.32","48.42","CAP-D'ESPOIR","7051050","2020-02-29 12:00","2020","02","29","12:00","","M","","M","","M","","M","22","","32","","","","100.39","","","","","","NA"
"-64.32","48.42","CAP-D'ESPOIR","7051050","2020-02-29 13:00","2020","02","29","13:00","","M","","M","","M","","M","22","","35","","","","100.40","","","","","","NA"
"-64.32","48.42","CAP-D'ESPOIR","7051050","2020-02-29 14:00","2020","02","29","14:00","","M","","M","","M","","M","22","","37","","","","100.43","","","","","","NA"
"-64.32","48.42","CAP-D'ESPOIR","7051050","2020-02-29 15:00","2020","02","29","15:00","","M","","M","","M","","M","21","","28","","","","100.49","","","","","","NA"
"-64.32","48.42","CAP-D'ESPOIR","7051050","2020-02-29 16:00","2020","02","29","16:00","","M","","M","","M","","M","20","","27","","","","100.53","","","","","","NA"
"-64.32","48.42","CAP-D'ESPOIR","7051050","2020-02-29 17:00","2020","02","29","17:00","","M","","M","","M","","M","18","","18","","","","100.61","","","","","","NA"
"-64.32","48.42","CAP-D'ESPOIR","7051050","2020-02-29 18:00","2020","02","29","18:00","","M","","M","","M","","M","16","","15","","","","100.67","","","","","","NA"
"-64.32","48.42","CAP-D'ESPOIR","7051050","2020-02-29 19:00","2020","02","29","19:00","","M","","M","","M","","M","31","","4","","","","100.71","","","","","","NA"
"-64.32","48.42","CAP-D'ESPOIR","7051050","2020-02-29 20:00","2020","02","29","20:00","","M","","M","","M","","M","3","","4","","","","100.74","","","","","","NA"
"-64.32","48.42","CAP-D'ESPOIR","7051050","2020-02-29 21:00","2020","02","29","21:00","","M","","M","","M","","M","35","","5","","","","100.76","","","","","","NA"
"-64.32","48.42","CAP-D'ESPOIR","7051050","2020-02-29 22:00","2020","02","29","22:00","","M","","M","","M","","M","1","","8","","","","100.75","","","","","","NA"
"-64.32","48.42","CAP-D'ESPOIR","7051050","2020-02-29 23:00","2020","02","29","23:00","","M","","M","","M","","M","1","","10","","","","100.75","","","","","","NA"
