"Longitude (x)","Latitude (y)","Station Name","Climate ID","Date/Time (LST)","Year","Month","Day","Time (LST)","Temp (°C)","Temp Flag","Dew Point Temp (°C)","Dew Point Temp Flag","Rel Hum (%)","Rel Hum Flag","Precip. Amount (mm)","Precip. Amount Flag","Wind Dir (10s deg)","Wind Dir Flag","Wind Spd (km/h)","Wind Spd Flag","Visibility (km)","Visibility Flag","Stn Press (kPa)","Stn Press Flag","Hmdx","Hmdx Flag","Wind Chill","Wind Chill Flag","Weather"
"-68.15","49.26","BAIE-COMEAU","704S001","2022-03-01 00:00","2022","03","01","00:00","-17.4","","-24.3","","55","","0.0","","31","","17","","","","100.36","","","","-26","","NA"
"-68.15","49.26","BAIE-COMEAU","704S001","2022-03-01 01:00","2022","03","01","01:00","-18.1","","-24.4","","58","","0.0","","32","","19","","","","100.36","","","","-28","","NA"
"-68.15","49.26","BAIE-COMEAU","704S001","2022-03-01 02:00","2022","03","01","02:00","-18.3","","-24.5","","58","","0.0","","32","","23","","","","100.33","","","","-29","","NA"
"-68.15","49.26","BAIE-COMEAU","704S001","2022-03-01 03:00","2022","03","01","03:00","-18.4","","-24.7","","58","","0.0","","30","","14","","","","100.53","","","","-27","","NA"
"-68.15","49.26","BAIE-COMEAU","704S001","2022-03-01 04:00","2022","03","01","04:00","-18.8","","-24.8","","59","","0.0","","29","","15","","","","100.56","","","","-28","","NA"
"-68.15","49.26","BAIE-COMEAU","704S001","2022-03-01 05:00","2022","03","01","05:00","-19.2","","-25.0","","60","","0.0","","30","","9","","","","100.60","","","","-26","","NA"
"-68.15","49.26","BAIE-COMEAU","704S001","2022-03-01 06:00","2022","03","01","06:00","-20.8","","-25.7","","64","","0.0","","30","","8","","","","100.60","","","","-27","","NA"
"-68.15","49.26","BAIE-COMEAU","704S001","2022-03-01 07:00","2022","03","01","07:00","-21.9","","-26.1","","69","","0.0","","32","","9","","","","100.64","","","","-29","","NA"
"-68.15","49.26","BAIE-COMEAU","704S001","2022-03-01 08:00","2022","03","01","08:00","-19.0","","-25.0","","59","","0.0","","34","","10","","","","100.66","","","","-26","","NA"
"-68.15","49.26","BAIE-COMEAU","704S001","2022-03-01 09:00","2022","03","01","09:00","-17.0","","-24.2","","54","","0.0","","35","","5","","","","100.66","","","","-21","","NA"
"-68.15","49.26","BAIE-COMEAU","704S001","2022-03-01 10:00","2022","03","01","10:00","-14.6","","-23.1","","48","","0.0","","16","","6","","","","100.64","","","","-19","","NA"
"-68.15","49.26","BAIE-COMEAU","704S001","2022-03-01 11:00","2022","03","01","11:00","-13.6","","-22.2","","48","","0.0","","21","","7","","","","100.60","","","","-18","","NA"
"-68.15","49.26","BAIE-COMEAU","704S001","2022-03-01 12:00","2022","03","01","12:00","-12.1","","-21.9","","44","","0.0","","22","","11","","","","100.49","","","","-18","","NA"
"-68.15","49.26","BAIE-COMEAU","704S001","2022-03-01 13:00","2022","03","01","13:00","-10.6","","-21.2","","41","","0.0","","22","","10","","","","100.39","","","","-16","","NA"
"-68.15","49.26","BAIE-COMEAU","704S001","2022-03-01 14:00","2022","03","01","14:00","-10.1","","-19.4","","47","","0.0","","18","","12","","","","100.30","","","","-16","","NA"
"-68.15","49.26","BAIE-COMEAU","704S001","2022-03-01 15:00","2022","03","01","15:00","-9.7","","-19.4","","45","","0.0","","23","","6","","","","100.21","","","","-13","","NA"
"-68.15","49.26","BAIE-COMEAU","704S001","2022-03-01 16:00","2022","03","01","16:00","-10.6","","-19.6","","48","","0.0","","22","","5","","","","100.15","","","","-14","","NA"
"-68.15","49.26","BAIE-COMEAU","704S001","2022-03-01 17:00","2022","03","01","17:00","-11.4","","-18.7","","55","","0.0","","12","","3","","","","100.08","","","","-13","","NA"
"-68.15","49.26","BAIE-COMEAU","704S001","2022-03-01 18:00","2022","03","01","18:00","-11.9","","-18.0","","60","","0.0","","1","","7","","","","100.04","","","","-16","","NA"
"-68.15","49.26","BAIE-COMEAU","704S001","2022-03-01 19:00","2022","03","01","19:00","-12.1","","-17.9","","62","","0.0","","35","","7","","","","100.01","","","","-16","","NA"
"-68.15","49.26","BAIE-COMEAU","704S001","2022-03-01 20:00","2022","03","01","20:00","-12.4","","-18.3","","61","","0.0","","1","","6","","","","99.96","","","","-16","","NA"
"-68.15","49.26","BAIE-COMEAU","704S001","2022-03-01 21:00","2022","03","01","21:00","-11.5","","-17.8","","60","","0.0","","6","","4","","","","99.91","","","","-14","","NA"
"-68.15","49.26","BAIE-COMEAU","704S001","2022-03-01 22:00","2022","03","01","22:00","-12.2","","-16.2","","72","","0.0","","36","","3","","","","99.84","","","","-14","","NA"
"-68.15","49.26","BAIE-COMEAU","704S001","2022-03-01 23:00","2022","03","01","23:00","-11.2","","-13.2","","85","","0.0","","6","","7","","","","99.72","","","","-15","","NA"
"-68.15","49.26","BAIE-COMEAU","704S001","2022-03-02 00:00","2022","03","02","00:00","-11.0","","-12.7","","87","","0.0","","7","","7","","","","99.62","","","","-15","","NA"
"-68.15","49.26","BAIE-COMEAU","704S001","2022-03-02 01:00","2022","03","02","01:00","-10.3","","-11.8","","89","","0.3","","8","","7","","","","99.52","","","","-14","","NA"
"-68.15","49.26","BAIE-COMEAU","704S001","2022-03-02 02:00","2022","03","02","02:00","-10.0","","-11.5","","89","","0.5","","7","","7","","","","99.42","","","","-14","","NA"
"-68.15","49.26","BAIE-COMEAU","704S001","2022-03-02 03:00","2022","03","02","03:00","-9.5","","-10.8","","90","","0.3","","11","","9","","","","99.34","","","","-14","","NA"
"-68.15","49.26","BAIE-COMEAU","704S001","2022-03-02 04:00","2022","03","02","04:00","-11.2","","-12.7","","88","","0.3","","35","","6","","","","99.31","","","","-15","","NA"
"-68.15","49.26","BAIE-COMEAU","704S001","2022-03-02 05:00","2022","03","02","05:00","-11.0","","-12.4","","89","","0.0","","2","","6","","","","99.29","","","","-15","","NA"
"-68.15","49.26","BAIE-COMEAU","704S001","2022-03-02 06:00","2022","03","02","06:00","-11.3","","-12.8","","89","","0.0","","34","","9","","","","99.30","","","","-16","","NA"
"-68.15","49.26","BAIE-COMEAU","704S001","2022-03-02 07:00","2022","03","02","07:00","-11.2","","-12.8","","88","","0.0","","34","","8","","","","99.30","","","","-16","","NA"
"-68.15","49.26","BAIE-COMEAU","704S001","2022-03-02 08:00","2022","03","02","08:00","-10.5","","-12.0","","89","","0.2","","33","","11","","","","99.30","","","","-16","","NA"
"-68.15","49.26","BAIE-COMEAU","704S001","2022-03-02 09:00","2022","03","02","09:00","-9.2","","-10.7","","89","","0.2","","34","","12","","","","99.25","","","","-15","","NA"
"-68.15","49.26","BAIE-COMEAU","704S001","2022-03-02 10:00","2022","03","02","10:00","-7.5","","-9.1","","88","","0.2","","33","","6","","","","99.21","","","","-11","","NA"
"-68.15","49.26","BAIE-COMEAU","704S001","2022-03-02 11:00","2022","03","02","11:00","-6.8","","-9.3","","82","","0.0","","24","","12","","","","99.17","","","","-12","","NA"
"-68.15","49.26","BAIE-COMEAU","704S001","2022-03-02 12:00","2022","03","02","12:00","-6.0","","-12.3","","61","","0.5","","30","","18","","","","99.11","","","","-12","","NA"
"-68.15","49.26","BAIE-COMEAU","704S001","2022-03-02 13:00","2022","03","02","13:00","-4.5","","-13.0","","52","","0.0","","27","","21","","","","99.03","","","","-11","","NA"
"-68.15","49.26","BAIE-COMEAU","704S001","2022-03-02 14:00","2022","03","02","14:00","-5.2","","-15.8","","43","","0.7","","30","","21","","","","99.00","","","","-12","","NA"
"-68.15","49.26","BAIE-COMEAU","704S001","2022-03-02 15:00","2022","03","02","15:00","-4.9","","-15.8","","42","","0.0","","29","","20","","","","99.03","","","","-11","","NA"
"-68.15","49.26","BAIE-COMEAU","704S001","2022-03-02 16:00","2022","03","02","16:00","-5.6","","-16.0","","44","","0.0","","30","","21","","","","99.06","","","","-12","","NA"
"-68.15","49.26","BAIE-COMEAU","704S001","2022-03-02 17:00","2022","03","02","17:00","-7.2","","-16.3","","48","","0.0","","29","","18","","","","99.12","","","","-14","","NA"
"-68.15","49.26","BAIE-COMEAU","704S001","2022-03-02 18:00","2022","03","02","18:00","-8.5","","-18.2","","46","","0.0","","29","","30","","","","99.20","","","","-18","","NA"
"-68.15","49.26","BAIE-COMEAU","704S001","2022-03-02 19:00","2022","03","02","19:00","-9.9","","-18.6","","49","","0.0","","30","","20","","","","99.30","","","","-18","","NA"
"-68.15","49.26","BAIE-COMEAU","704S001","2022-03-02 20:00","2022","03","02","20:00","-11.0","","-19.7","","49","","0.0","","30","","18","","","","99.31","","","","-19","","NA"
"-68.15","49.26","BAIE-COMEAU","704S001","2022-03-02 21:00","2022","03","02","21:00","-11.9","","-19.4","","53","","0.0","","29","","20","","","","99.31","","","","-20","","NA"
"-68.15","49.26","BAIE-COMEAU","704S001","2022-03-02 22:00","2022","03","02","22:00","-12.8","","-19.6","","57","","0.0","","29","","21","","","","99.33","","","","-22","","NA"
"-68.15","49.26","BAIE-COMEAU","704S001","2022-03-02 23:00","2022","03","02","23:00","-13.5","","-20.4","","56","","0.0","","29","","18","","","","99.36","","","","-22","","NA"
"-68.15","49.26","BAIE-COMEAU","704S001","2022-03-03 00:00","2022","03","03","00:00","-14.4","","-21.6","","54","","0.0","","29","","19","","","","99.35","","","","-23","","NA"
"-68.15","49.26","BAIE-COMEAU","704S001","2022-03-03 01:00","2022","03","03","01:00","-15.4","","-22.3","","55","","0.0","","31","","19","","","","99.35","","","","-24","","NA"
"-68.15","49.26","BAIE-COMEAU","704S001","2022-03-03 02:00","2022","03","03","02:00","-16.4","","-23.0","","57","","0.0","","31","","18","","","","99.33","","","","-25","","NA"
"-68.15","49.26","BAIE-COMEAU","704S001","2022-03-03 03:00","2022","03","03","03:00","-17.6","","-23.9","","58","","0.0","","32","","17","","","","99.32","","","","-27","","NA"
"-68.15","49.26","BAIE-COMEAU","704S001","2022-03-03 04:00","2022","03","03","04:00","-17.9","","-25.5","","52","","0.0","","30","","20","","","","99.39","","","","-28","","NA"
"-68.15","49.26","BAIE-COMEAU","704S001","2022-03-03 05:00","2022","03","03","05:00","-18.8","","-26.6","","50","","0.0","","31","","23","","","","99.43","","","","-30","","NA"
"-68.15","49.26","BAIE-COMEAU","704S001","2022-03-03 06:00","2022","03","03","06:00","-19.9","","-27.3","","52","","0.0","","31","","14","","","","99.50","","","","-29","","NA"
"-68.15","49.26","BAIE-COMEAU","704S001","2022-03-03 07:00","2022","03","03","07:00","-20.2","","-27.9","","51","","0.0","","31","","15","","","","99.54","","","","-29","","NA"
"-68.15","49.26","BAIE-COMEAU","704S001","2022-03-03 08:00","2022","03","03","08:00","-19.3","","-27.9","","47","","0.0","","32","","18","","","","99.59","","","","-29","","NA"
"-68.15","49.26","BAIE-COMEAU","704S001","2022-03-03 09:00","2022","03","03","09:00","-17.7","","-27.8","","41","","0.0","","32","","17","","","","99.60","","","","-27","","NA"
"-68.15","49.26","BAIE-COMEAU","704S001","2022-03-03 10:00","2022","03","03","10:00","-16.5","","-27.1","","40","","0.0","","32","","18","","","","99.58","","","","-26","","NA"
"-68.15","49.26","BAIE-COMEAU","704S001","2022-03-03 11:00","2022","03","03","11:00","-15.5","","-26.0","","40","","0.0","","30","","22","","","","99.57","","","","-25","","NA"
"-68.15","49.26","BAIE-COMEAU","704S001","2022-03-03 12:00","2022","03","03","12:00","-15.2","","-25.9","","40","","0.0","","32","","20","","","","99.55","","","","-24","","NA"
"-68.15","49.26","BAIE-COMEAU","704S001","2022-03-03 13:00","2022","03","03","13:00","-14.6","","-25.9","","37","","0.0","","30","","25","","","","99.54","","","","-25","","NA"
"-68.15","49.26","BAIE-COMEAU","704S001","2022-03-03 14:00","2022","03","03","14:00","-15.1","","-26.3","","38","","0.0","","32","","29","","","","99.57","","","","-26","","NA"
"-68.15","49.26","BAIE-COMEAU","704S001","2022-03-03 15:00","2022","03","03","15:00","-15.0","","-26.7","","36","","0.0","","31","","24","","","","99.61","","","","-25","","NA"
"-68.15","49.26","BAIE-COMEAU","704S001","2022-03-03 16:00","2022","03","03","16:00","-15.2","","-26.6","","37","","0.0","","30","","22","","","","99.70","","","","-25","","NA"
"-68.15","49.26","BAIE-COMEAU","704S001","2022-03-03 17:00","2022","03","03","17:00","-16.3","","-27.4","","38","","0.0","","30","","27","","","","99.76","","","","-27","","NA"
"-68.15","49.26","BAIE-COMEAU","704S001","2022-03-03 18:00","2022","03","03","18:00","-17.7","","-27.7","","42","","0.0","","30","","15","","","","99.90","","","","-26","","NA"
"-68.15","49.26","BAIE-COMEAU","704S001","2022-03-03 19:00","2022","03","03","19:00","-18.4","","-27.8","","44","","0.0","","30","","15","","","","100.02","","","","-27","","NA"
"-68.15","49.26","BAIE-COMEAU","704S001","2022-03-03 20:00","2022","03","03","20:00","-19.2","","-28.0","","46","","0.0","","31","","18","","","","100.08","","","","-29","","NA"
"-68.15","49.26","BAIE-COMEAU","704S001","2022-03-03 21:00","2022","03","03","21:00","-19.5","","-28.6","","44","","0.0","","31","","21","","","","100.15","","","","-30","","NA"
"-68.15","49.26","BAIE-COMEAU","704S001","2022-03-03 22:00","2022","03","03","22:00","-20.3","","-29.2","","45","","0.0","","30","","16","","","","100.23","","","","-30","","NA"
"-68.15","49.26","BAIE-COMEAU","704S001","2022-03-03 23:00","2022","03","03","23:00","-21.1","","-29.7","","46","","0.0","","30","","17","","","","100.26","","","","-31","","NA"
"-68.15","49.26","BAIE-COMEAU","704S001","2022-03-04 00:00","2022","03","04","00:00","-21.4","","-29.9","","46","","0.0","","31","","19","","","","100.33","","","","-32","","NA"
"-68.15","49.26","BAIE-COMEAU","704S001","2022-03-04 01:00","2022","03","04","01:00","-21.6","","-29.5","","49","","0.0","","30","","19","","","","100.32","","","","-32","","NA"
"-68.15","49.26","BAIE-COMEAU","704S001","2022-03-04 02:00","2022","03","04","02:00","-21.8","","-29.3","","50","","0.0","","29","","21","","","","100.33","","","","-33","","NA"
"-68.15","49.26","BAIE-COMEAU","704S001","2022-03-04 03:00","2022","03","04","03:00","-22.6","","-29.3","","55","","0.0","","29","","18","","","","100.34","","","","-33","","NA"
"-68.15","49.26","BAIE-COMEAU","704S001","2022-03-04 04:00","2022","03","04","04:00","-22.3","","-28.7","","56","","0.0","","29","","9","","","","100.42","","","","-29","","NA"
"-68.15","49.26","BAIE-COMEAU","704S001","2022-03-04 05:00","2022","03","04","05:00","-22.8","","-28.3","","61","","0.0","","25","","17","","","","100.44","","","","-33","","NA"
"-68.15","49.26","BAIE-COMEAU","704S001","2022-03-04 06:00","2022","03","04","06:00","-22.9","","-28.2","","62","","0.0","","29","","16","","","","100.44","","","","-33","","NA"
"-68.15","49.26","BAIE-COMEAU","704S001","2022-03-04 07:00","2022","03","04","07:00","-21.6","","-27.6","","58","","0.0","","26","","22","","","","100.45","","","","-33","","NA"
"-68.15","49.26","BAIE-COMEAU","704S001","2022-03-04 08:00","2022","03","04","08:00","-19.3","","-26.3","","54","","0.0","","26","","26","","","","100.46","","","","-31","","NA"
"-68.15","49.26","BAIE-COMEAU","704S001","2022-03-04 09:00","2022","03","04","09:00","-17.6","","-25.0","","52","","0.0","","26","","21","","","","100.43","","","","-28","","NA"
"-68.15","49.26","BAIE-COMEAU","704S001","2022-03-04 10:00","2022","03","04","10:00","-15.4","","-23.9","","48","","0.0","","27","","13","","","","100.36","","","","-23","","NA"
"-68.15","49.26","BAIE-COMEAU","704S001","2022-03-04 11:00","2022","03","04","11:00","-12.8","","-22.6","","44","","0.0","","27","","11","","","","100.29","","","","-19","","NA"
"-68.15","49.26","BAIE-COMEAU","704S001","2022-03-04 12:00","2022","03","04","12:00","-11.3","","-21.8","","42","","0.0","","27","","26","","","","100.19","","","","-21","","NA"
"-68.15","49.26","BAIE-COMEAU","704S001","2022-03-04 13:00","2022","03","04","13:00","-9.6","","-20.4","","41","","0.0","","28","","21","","","","100.09","","","","-18","","NA"
"-68.15","49.26","BAIE-COMEAU","704S001","2022-03-04 14:00","2022","03","04","14:00","-9.6","","-19.4","","45","","0.0","","23","","18","","","","100.10","","","","-17","","NA"
"-68.15","49.26","BAIE-COMEAU","704S001","2022-03-04 15:00","2022","03","04","15:00","-8.3","","-18.1","","45","","0.0","","23","","18","","","","100.07","","","","-15","","NA"
"-68.15","49.26","BAIE-COMEAU","704S001","2022-03-04 16:00","2022","03","04","16:00","-7.9","","-19.3","","40","","0.0","","28","","19","","","","100.07","","","","-15","","NA"
"-68.15","49.26","BAIE-COMEAU","704S001","2022-03-04 17:00","2022","03","04","17:00","-8.9","","-19.1","","43","","0.0","","30","","18","","","","100.14","","","","-16","","NA"
"-68.15","49.26","BAIE-COMEAU","704S001","2022-03-04 18:00","2022","03","04","18:00","-9.7","","-19.0","","47","","0.0","","29","","11","","","","100.21","","","","-15","","NA"
"-68.15","49.26","BAIE-COMEAU","704S001","2022-03-04 19:00","2022","03","04","19:00","-9.9","","-19.4","","46","","0.0","","29","","12","","","","100.27","","","","-16","","NA"
"-68.15","49.26","BAIE-COMEAU","704S001","2022-03-04 20:00","2022","03","04","20:00","-10.7","","-18.0","","55","","0.0","","26","","20","","","","100.28","","","","-19","","NA"
"-68.15","49.26","BAIE-COMEAU","704S001","2022-03-04 21:00","2022","03","04","21:00","-11.2","","-18.6","","55","","0.0","","26","","20","","","","100.27","","","","-19","","NA"
"-68.15","49.26","BAIE-COMEAU","704S001","2022-03-04 22:00","2022","03","04","22:00","-12.1","","-18.7","","58","","0.0","","25","","18","","","","100.25","","","","-20","","NA"
"-68.15","49.26","BAIE-COMEAU","704S001","2022-03-04 23:00","2022","03","04","23:00","-11.5","","-17.8","","60","","0.0","","26","","19","","","","100.22","","","","-20","","NA"
"-68.15","49.26","BAIE-COMEAU","704S001","2022-03-05 00:00","2022","03","05","00:00","-11.8","","-18.1","","59","","0.0","","25","","19","","","","100.26","","","","-20","","NA"
"-68.15","49.26","BAIE-COMEAU","704S001","2022-03-05 01:00","2022","03","05","01:00","-12.2","","-18.3","","61","","0.0","","26","","18","","","","100.29","","","","-20","","NA"
"-68.15","49.26","BAIE-COMEAU","704S001","2022-03-05 02:00","2022","03","05","02:00","-12.0","","-18.4","","59","","0.0","","26","","18","","","","100.31","","","","-20","","NA"
"-68.15","49.26","BAIE-COMEAU","704S001","2022-03-05 03:00","2022","03","05","03:00","-13.0","","-18.8","","62","","0.0","","26","","21","","","","100.32","","","","-22","","NA"
"-68.15","49.26","BAIE-COMEAU","704S001","2022-03-05 04:00","2022","03","05","04:00","-13.6","","-19.4","","61","","0.0","","25","","17","","","","100.37","","","","-22","","NA"
"-68.15","49.26","BAIE-COMEAU","704S001","2022-03-05 05:00","2022","03","05","05:00","-14.2","","-20.3","","60","","0.0","","26","","21","","","","100.43","","","","-23","","NA"
"-68.15","49.26","BAIE-COMEAU","704S001","2022-03-05 06:00","2022","03","05","06:00","-14.8","","-20.9","","60","","0.0","","28","","12","","","","100.50","","","","-22","","NA"
"-68.15","49.26","BAIE-COMEAU","704S001","2022-03-05 07:00","2022","03","05","07:00","-14.7","","-21.1","","58","","0.0","","29","","11","","","","100.55","","","","-21","","NA"
"-68.15","49.26","BAIE-COMEAU","704S001","2022-03-05 08:00","2022","03","05","08:00","-13.7","","-20.9","","55","","0.0","","30","","19","","","","100.60","","","","-22","","NA"
"-68.15","49.26","BAIE-COMEAU","704S001","2022-03-05 09:00","2022","03","05","09:00","-12.5","","-20.5","","51","","0.0","","30","","18","","","","100.64","","","","-21","","NA"
"-68.15","49.26","BAIE-COMEAU","704S001","2022-03-05 10:00","2022","03","05","10:00","-10.5","","-20.1","","45","","0.0","","28","","16","","","","100.66","","","","-18","","NA"
"-68.15","49.26","BAIE-COMEAU","704S001","2022-03-05 11:00","2022","03","05","11:00","-8.9","","-19.4","","42","","0.0","","28","","21","","","","100.60","","","","-17","","NA"
"-68.15","49.26","BAIE-COMEAU","704S001","2022-03-05 12:00","2022","03","05","12:00","-7.9","","-19.2","","40","","0.0","","26","","24","","","","100.59","","","","-16","","NA"
"-68.15","49.26","BAIE-COMEAU","704S001","2022-03-05 13:00","2022","03","05","13:00","-6.4","","-18.8","","37","","0.0","","28","","25","","","","100.55","","","","-14","","NA"
"-68.15","49.26","BAIE-COMEAU","704S001","2022-03-05 14:00","2022","03","05","14:00","-5.8","","-18.7","","35","","0.0","","29","","25","","","","100.55","","","","-13","","NA"
"-68.15","49.26","BAIE-COMEAU","704S001","2022-03-05 15:00","2022","03","05","15:00","-5.5","","-18.3","","36","","0.0","","30","","24","","","","100.58","","","","-13","","NA"
"-68.15","49.26","BAIE-COMEAU","704S001","2022-03-05 16:00","2022","03","05","16:00","-5.6","","-18.7","","35","","0.0","","30","","23","","","","100.57","","","","-13","","NA"
"-68.15","49.26","BAIE-COMEAU","704S001","2022-03-05 17:00","2022","03","05","17:00","-6.9","","-19.0","","37","","0.0","","30","","23","","","","100.63","","","","-14","","NA"
"-68.15","49.26","BAIE-COMEAU","704S001","2022-03-05 18:00","2022","03","05","18:00","-7.9","","-19.1","","40","","0.0","","29","","17","","","","100.73","","","","-15","","NA"
"-68.15","49.26","BAIE-COMEAU","704S001","2022-03-05 19:00","2022","03","05","19:00","-8.7","","-19.1","","43","","0.0","","29","","17","","","","100.77","","","","-16","","NA"
"-68.15","49.26","BAIE-COMEAU","704S001","2022-03-05 20:00","2022","03","05","20:00","-8.8","","-19.0","","43","","0.0","","29","","15","","","","100.83","","","","-15","","NA"
"-68.15","49.26","BAIE-COMEAU","704S001","2022-03-05 21:00","2022","03","05","21:00","-8.3","","-18.4","","44","","0.0","","26","","19","","","","100.87","","","","-16","","NA"
"-68.15","49.26","BAIE-COMEAU","704S001","2022-03-05 22:00","2022","03","05","22:00","-9.2","","-17.8","","50","","0.0","","29","","12","","","","100.82","","","","-15","","NA"
"-68.15","49.26","BAIE-COMEAU","704S001","2022-03-05 23:00","2022","03","05","23:00","-9.5","","-17.9","","51","","0.0","","26","","11","","","","100.81","","","","-15","","NA"
"-68.15","49.26","BAIE-COMEAU","704S001","2022-03-06 00:00","2022","03","06","00:00","-10.1","","-18.2","","51","","0.0","","30","","7","","","","100.78","","","","-14","","NA"
"-68.15","49.26","BAIE-COMEAU","704S001","2022-03-06 01:00","2022","03","06","01:00","-11.1","","-18.1","","56","","0.0","","32","","6","","","","100.78","","","","-15","","NA"
"-68.15","49.26","BAIE-COMEAU","704S001","2022-03-06 02:00","2022","03","06","02:00","-12.1","","-18.0","","61","","0.0","","32","","9","","","","100.75","","","","-17","","NA"
"-68.15","49.26","BAIE-COMEAU","704S001","2022-03-06 03:00","2022","03","06","03:00","-13.0","","-18.5","","63","","0.0","","33","","14","","","","100.69","","","","-20","","NA"
"-68.15","49.26","BAIE-COMEAU","704S001","2022-03-06 04:00","2022","03","06","04:00","-13.1","","-18.5","","64","","0.0","","33","","12","","","","100.66","","","","-20","","NA"
"-68.15","49.26","BAIE-COMEAU","704S001","2022-03-06 05:00","2022","03","06","05:00","-13.1","","-18.3","","65","","0.0","","34","","17","","","","100.56","","","","-21","","NA"
"-68.15","49.26","BAIE-COMEAU","704S001","2022-03-06 06:00","2022","03","06","06:00","-12.9","","-18.3","","64","","0.0","","34","","15","","","","100.44","","","","-20","","NA"
"-68.15","49.26","BAIE-COMEAU","704S001","2022-03-06 07:00","2022","03","06","07:00","-11.4","","-17.4","","61","","0.0","","36","","8","","","","100.41","","","","-16","","NA"
"-68.15","49.26","BAIE-COMEAU","704S001","2022-03-06 08:00","2022","03","06","08:00","-8.7","","-16.7","","52","","0.0","","5","","5","","","","100.26","","","","-11","","NA"
"-68.15","49.26","BAIE-COMEAU","704S001","2022-03-06 09:00","2022","03","06","09:00","-6.8","","-14.0","","56","","0.0","","9","","12","","","","100.14","","","","-12","","NA"
"-68.15","49.26","BAIE-COMEAU","704S001","2022-03-06 10:00","2022","03","06","10:00","-7.4","","-11.0","","75","","0.0","","9","","17","","","","100.03","","","","-14","","NA"
"-68.15","49.26","BAIE-COMEAU","704S001","2022-03-06 11:00","2022","03","06","11:00","-7.0","","-9.7","","81","","0.0","","9","","18","","","","99.87","","","","-14","","NA"
"-68.15","49.26","BAIE-COMEAU","704S001","2022-03-06 12:00","2022","03","06","12:00","-6.9","","-9.5","","82","","0.0","","9","","21","","","","99.70","","","","-14","","NA"
"-68.15","49.26","BAIE-COMEAU","704S001","2022-03-06 13:00","2022","03","06","13:00","-6.8","","-8.9","","85","","1.0","","9","","19","","","","99.44","","","","-14","","NA"
"-68.15","49.26","BAIE-COMEAU","704S001","2022-03-06 14:00","2022","03","06","14:00","-6.5","","-8.4","","87","","0.0","","9","","16","","","","99.24","","","","-13","","NA"
"-68.15","49.26","BAIE-COMEAU","704S001","2022-03-06 15:00","2022","03","06","15:00","-6.3","","-8.0","","88","","0.8","","8","","14","","","","99.09","","","","-12","","NA"
"-68.15","49.26","BAIE-COMEAU","704S001","2022-03-06 16:00","2022","03","06","16:00","-6.3","","-7.7","","90","","1.4","","7","","15","","","","99.00","","","","-12","","NA"
"-68.15","49.26","BAIE-COMEAU","704S001","2022-03-06 17:00","2022","03","06","17:00","-6.2","","-7.4","","91","","3.2","","8","","17","","","","98.84","","","","-12","","NA"
"-68.15","49.26","BAIE-COMEAU","704S001","2022-03-06 18:00","2022","03","06","18:00","-6.2","","-7.6","","90","","0.0","","7","","18","","","","98.79","","","","-13","","NA"
"-68.15","49.26","BAIE-COMEAU","704S001","2022-03-06 19:00","2022","03","06","19:00","-5.7","","-7.3","","88","","0.9","","6","","17","","","","98.73","","","","-12","","NA"
"-68.15","49.26","BAIE-COMEAU","704S001","2022-03-06 20:00","2022","03","06","20:00","-5.5","","-7.1","","88","","0.0","","4","","12","","","","98.70","","","","-10","","NA"
"-68.15","49.26","BAIE-COMEAU","704S001","2022-03-06 21:00","2022","03","06","21:00","-5.1","","-6.4","","90","","0.0","","7","","8","","","","98.63","","","","-9","","NA"
"-68.15","49.26","BAIE-COMEAU","704S001","2022-03-06 22:00","2022","03","06","22:00","-4.9","","-5.9","","92","","1.0","","8","","8","","","","98.63","","","","-8","","NA"
"-68.15","49.26","BAIE-COMEAU","704S001","2022-03-06 23:00","2022","03","06","23:00","-4.7","","-6.0","","91","","0.5","","7","","10","","","","98.56","","","","-9","","NA"
"-68.15","49.26","BAIE-COMEAU","704S001","2022-03-07 00:00","2022","03","07","00:00","-4.6","","-6.0","","90","","0.2","","7","","10","","","","98.64","","","","-9","","NA"
"-68.15","49.26","BAIE-COMEAU","704S001","2022-03-07 01:00","2022","03","07","01:00","-4.6","","-6.0","","90","","0.0","","9","","8","","","","98.69","","","","-8","","NA"
"-68.15","49.26","BAIE-COMEAU","704S001","2022-03-07 02:00","2022","03","07","02:00","-4.6","","-6.2","","88","","0.2","","7","","7","","","","98.72","","","","-8","","NA"
"-68.15","49.26","BAIE-COMEAU","704S001","2022-03-07 03:00","2022","03","07","03:00","-4.6","","-6.3","","88","","0.0","","5","","9","","","","98.75","","","","-8","","NA"
"-68.15","49.26","BAIE-COMEAU","704S001","2022-03-07 04:00","2022","03","07","04:00","-4.5","","-6.1","","88","","0.2","","5","","7","","","","98.84","","","","-8","","NA"
"-68.15","49.26","BAIE-COMEAU","704S001","2022-03-07 05:00","2022","03","07","05:00","-4.5","","-6.1","","89","","0.0","","4","","8","","","","98.92","","","","-8","","NA"
"-68.15","49.26","BAIE-COMEAU","704S001","2022-03-07 06:00","2022","03","07","06:00","-5.0","","-6.2","","92","","0.0","","33","","7","","","","99.08","","","","-8","","NA"
"-68.15","49.26","BAIE-COMEAU","704S001","2022-03-07 07:00","2022","03","07","07:00","-5.1","","-6.1","","92","","0.4","","33","","9","","","","99.16","","","","-9","","NA"
"-68.15","49.26","BAIE-COMEAU","704S001","2022-03-07 08:00","2022","03","07","08:00","-4.5","","-5.7","","91","","0.9","","34","","10","","","","99.18","","","","-9","","NA"
"-68.15","49.26","BAIE-COMEAU","704S001","2022-03-07 09:00","2022","03","07","09:00","-3.6","","-5.7","","85","","0.0","","33","","9","","","","99.20","","","","-7","","NA"
"-68.15","49.26","BAIE-COMEAU","704S001","2022-03-07 10:00","2022","03","07","10:00","-2.2","","-5.5","","78","","0.0","","11","","3","","","","99.18","","","","-3","","NA"
"-68.15","49.26","BAIE-COMEAU","704S001","2022-03-07 11:00","2022","03","07","11:00","-2.8","","-6.1","","78","","0.0","","14","","10","","","","99.15","","","","-7","","NA"
"-68.15","49.26","BAIE-COMEAU","704S001","2022-03-07 12:00","2022","03","07","12:00","-2.4","","-5.9","","77","","0.0","","14","","8","","","","99.10","","","","-6","","NA"
"-68.15","49.26","BAIE-COMEAU","704S001","2022-03-07 13:00","2022","03","07","13:00","-3.1","","-5.8","","82","","0.0","","15","","14","","","","99.04","","","","-8","","NA"
"-68.15","49.26","BAIE-COMEAU","704S001","2022-03-07 14:00","2022","03","07","14:00","-3.6","","-5.2","","89","","0.0","","15","","15","","","","99.01","","","","-9","","NA"
"-68.15","49.26","BAIE-COMEAU","704S001","2022-03-07 15:00","2022","03","07","15:00","-3.7","","-4.6","","94","","0.0","","13","","12","","","","98.95","","","","-8","","NA"
"-68.15","49.26","BAIE-COMEAU","704S001","2022-03-07 16:00","2022","03","07","16:00","-3.7","","-4.5","","95","","1.2","","14","","11","","","","98.85","","","","-8","","NA"
"-68.15","49.26","BAIE-COMEAU","704S001","2022-03-07 17:00","2022","03","07","17:00","-3.9","","-4.6","","95","","0.0","","14","","6","","","","98.76","","","","-7","","NA"
"-68.15","49.26","BAIE-COMEAU","704S001","2022-03-07 18:00","2022","03","07","18:00","-4.1","","-4.8","","95","","0.0","","9","","4","","","","98.68","","","","-6","","NA"
"-68.15","49.26","BAIE-COMEAU","704S001","2022-03-07 19:00","2022","03","07","19:00","-4.0","","-4.7","","95","","0.5","","12","","6","","","","98.61","","","","-7","","NA"
"-68.15","49.26","BAIE-COMEAU","704S001","2022-03-07 20:00","2022","03","07","20:00","-3.9","","-4.6","","95","","0.6","","11","","10","","","","98.42","","","","-8","","NA"
"-68.15","49.26","BAIE-COMEAU","704S001","2022-03-07 21:00","2022","03","07","21:00","-4.2","","-4.9","","95","","0.6","","10","","8","","","","98.34","","","","-8","","NA"
"-68.15","49.26","BAIE-COMEAU","704S001","2022-03-07 22:00","2022","03","07","22:00","-4.6","","-5.3","","95","","0.6","","8","","7","","","","98.12","","","","-8","","NA"
"-68.15","49.26","BAIE-COMEAU","704S001","2022-03-07 23:00","2022","03","07","23:00","-5.0","","-5.8","","94","","0.8","","6","","11","","","","97.93","","","","-10","","NA"
"-68.15","49.26","BAIE-COMEAU","704S001","2022-03-08 00:00","2022","03","08","00:00","-5.2","","-5.9","","94","","0.9","","2","","8","","","","97.86","","","","-9","","NA"
"-68.15","49.26","BAIE-COMEAU","704S001","2022-03-08 01:00","2022","03","08","01:00","-5.4","","-6.1","","94","","0.9","","33","","9","","","","97.71","","","","-9","","NA"
"-68.15","49.26","BAIE-COMEAU","704S001","2022-03-08 02:00","2022","03","08","02:00","-5.5","","-6.2","","94","","0.8","","34","","16","","","","97.55","","","","-11","","NA"
"-68.15","49.26","BAIE-COMEAU","704S001","2022-03-08 03:00","2022","03","08","03:00","-5.4","","-6.2","","94","","0.6","","32","","19","","","","97.60","","","","-12","","NA"
"-68.15","49.26","BAIE-COMEAU","704S001","2022-03-08 04:00","2022","03","08","04:00","-5.5","","-6.3","","94","","0.4","","32","","16","","","","97.58","","","","-11","","NA"
"-68.15","49.26","BAIE-COMEAU","704S001","2022-03-08 05:00","2022","03","08","05:00","-5.5","","-6.3","","94","","0.0","","30","","13","","","","97.64","","","","-11","","NA"
"-68.15","49.26","BAIE-COMEAU","704S001","2022-03-08 06:00","2022","03","08","06:00","-5.4","","-6.2","","94","","0.2","","30","","17","","","","97.67","","","","-11","","NA"
"-68.15","49.26","BAIE-COMEAU","704S001","2022-03-08 07:00","2022","03","08","07:00","-5.3","","-6.1","","94","","0.0","","30","","18","","","","97.67","","","","-12","","NA"
"-68.15","49.26","BAIE-COMEAU","704S001","2022-03-08 08:00","2022","03","08","08:00","-5.2","","-6.2","","93","","1.0","","31","","27","","","","97.69","","","","-13","","NA"
"-68.15","49.26","BAIE-COMEAU","704S001","2022-03-08 09:00","2022","03","08","09:00","-5.0","","-6.9","","86","","0.0","","31","","30","","","","97.82","","","","-13","","NA"
"-68.15","49.26","BAIE-COMEAU","704S001","2022-03-08 10:00","2022","03","08","10:00","-4.1","","-8.3","","73","","0.0","","31","","32","","","","97.93","","","","-12","","NA"
"-68.15","49.26","BAIE-COMEAU","704S001","2022-03-08 11:00","2022","03","08","11:00","-3.9","","-10.0","","62","","0.0","","31","","35","","","","98.05","","","","-12","","NA"
"-68.15","49.26","BAIE-COMEAU","704S001","2022-03-08 12:00","2022","03","08","12:00","-3.2","","-9.9","","60","","0.0","","30","","27","","","","98.20","","","","-10","","NA"
"-68.15","49.26","BAIE-COMEAU","704S001","2022-03-08 13:00","2022","03","08","13:00","-3.9","","-10.9","","58","","0.0","","29","","38","","","","98.33","","","","-12","","NA"
"-68.15","49.26","BAIE-COMEAU","704S001","2022-03-08 14:00","2022","03","08","14:00","-4.3","","-12.1","","55","","0.0","","30","","41","","","","98.44","","","","-13","","NA"
"-68.15","49.26","BAIE-COMEAU","704S001","2022-03-08 15:00","2022","03","08","15:00","-4.4","","-12.9","","51","","0.3","","30","","32","","","","98.64","","","","-12","","NA"
"-68.15","49.26","BAIE-COMEAU","704S001","2022-03-08 16:00","2022","03","08","16:00","-5.1","","-13.9","","50","","0.0","","29","","36","","","","98.77","","","","-14","","NA"
"-68.15","49.26","BAIE-COMEAU","704S001","2022-03-08 17:00","2022","03","08","17:00","-6.6","","-15.8","","48","","0.0","","31","","27","","","","99.02","","","","-15","","NA"
"-68.15","49.26","BAIE-COMEAU","704S001","2022-03-08 18:00","2022","03","08","18:00","-8.5","","-16.9","","51","","0.0","","30","","37","","","","99.19","","","","-18","","NA"
"-68.15","49.26","BAIE-COMEAU","704S001","2022-03-08 19:00","2022","03","08","19:00","-9.4","","-17.5","","51","","0.0","","30","","29","","","","99.39","","","","-19","","NA"
"-68.15","49.26","BAIE-COMEAU","704S001","2022-03-08 20:00","2022","03","08","20:00","-10.1","","-17.8","","53","","0.0","","30","","26","","","","99.55","","","","-19","","NA"
"-68.15","49.26","BAIE-COMEAU","704S001","2022-03-08 21:00","2022","03","08","21:00","-10.6","","-17.9","","55","","0.0","","30","","28","","","","99.67","","","","-20","","NA"
"-68.15","49.26","BAIE-COMEAU","704S001","2022-03-08 22:00","2022","03","08","22:00","-10.8","","-17.9","","56","","0.0","","30","","25","","","","99.78","","","","-20","","NA"
"-68.15","49.26","BAIE-COMEAU","704S001","2022-03-08 23:00","2022","03","08","23:00","-11.3","","-17.8","","59","","0.0","","30","","20","","","","99.85","","","","-20","","NA"
"-68.15","49.26","BAIE-COMEAU","704S001","2022-03-09 00:00","2022","03","09","00:00","-11.1","","-17.6","","59","","0.0","","30","","23","","","","99.89","","","","-20","","NA"
"-68.15","49.26","BAIE-COMEAU","704S001","2022-03-09 01:00","2022","03","09","01:00","-11.5","","-17.6","","61","","0.0","","27","","13","","","","100.01","","","","-18","","NA"
"-68.15","49.26","BAIE-COMEAU","704S001","2022-03-09 02:00","2022","03","09","02:00","-11.9","","-17.7","","62","","0.0","","24","","5","","","","100.04","","","","-15","","NA"
"-68.15","49.26","BAIE-COMEAU","704S001","2022-03-09 03:00","2022","03","09","03:00","-11.8","","-17.0","","65","","0.0","","25","","10","","","","100.03","","","","-17","","NA"
"-68.15","49.26","BAIE-COMEAU","704S001","2022-03-09 04:00","2022","03","09","04:00","-11.0","","-16.3","","65","","0.0","","25","","13","","","","100.12","","","","-17","","NA"
"-68.15","49.26","BAIE-COMEAU","704S001","2022-03-09 05:00","2022","03","09","05:00","-11.1","","-16.0","","67","","0.0","","26","","15","","","","100.16","","","","-18","","NA"
"-68.15","49.26","BAIE-COMEAU","704S001","2022-03-09 06:00","2022","03","09","06:00","-12.6","","-16.9","","70","","0.0","","31","","8","","","","100.16","","","","-18","","NA"
"-68.15","49.26","BAIE-COMEAU","704S001","2022-03-09 07:00","2022","03","09","07:00","-11.7","","-16.5","","67","","0.0","","29","","9","","","","100.20","","","","-17","","NA"
"-68.15","49.26","BAIE-COMEAU","704S001","2022-03-09 08:00","2022","03","09","08:00","-8.1","","-14.3","","61","","0.0","","24","","14","","","","100.19","","","","-14","","NA"
"-68.15","49.26","BAIE-COMEAU","704S001","2022-03-09 09:00","2022","03","09","09:00","-5.7","","-12.1","","61","","0.0","","23","","13","","","","100.12","","","","-11","","NA"
"-68.15","49.26","BAIE-COMEAU","704S001","2022-03-09 10:00","2022","03","09","10:00","-4.3","","-10.0","","64","","0.0","","21","","14","","","","100.01","","","","-9","","NA"
"-68.15","49.26","BAIE-COMEAU","704S001","2022-03-09 11:00","2022","03","09","11:00","-4.6","","-8.5","","74","","0.0","","20","","16","","","","99.93","","","","-10","","NA"
"-68.15","49.26","BAIE-COMEAU","704S001","2022-03-09 12:00","2022","03","09","12:00","-3.5","","-8.4","","69","","0.0","","21","","19","","","","99.84","","","","-9","","NA"
"-68.15","49.26","BAIE-COMEAU","704S001","2022-03-09 13:00","2022","03","09","13:00","-3.0","","-7.9","","69","","0.0","","21","","19","","","","99.79","","","","-9","","NA"
"-68.15","49.26","BAIE-COMEAU","704S001","2022-03-09 14:00","2022","03","09","14:00","-2.5","","-8.1","","66","","0.5","","20","","20","","","","99.74","","","","-8","","NA"
"-68.15","49.26","BAIE-COMEAU","704S001","2022-03-09 15:00","2022","03","09","15:00","-1.8","","-7.4","","65","","0.0","","20","","17","","","","99.66","","","","-7","","NA"
"-68.15","49.26","BAIE-COMEAU","704S001","2022-03-09 16:00","2022","03","09","16:00","-2.0","","-7.7","","65","","0.0","","23","","19","","","","99.58","","","","-8","","NA"
"-68.15","49.26","BAIE-COMEAU","704S001","2022-03-09 17:00","2022","03","09","17:00","-2.5","","-6.9","","71","","0.0","","23","","18","","","","99.63","","","","-8","","NA"
"-68.15","49.26","BAIE-COMEAU","704S001","2022-03-09 18:00","2022","03","09","18:00","-2.7","","-7.1","","72","","0.0","","23","","15","","","","99.62","","","","-8","","NA"
"-68.15","49.26","BAIE-COMEAU","704S001","2022-03-09 19:00","2022","03","09","19:00","-3.0","","-6.9","","75","","0.0","","23","","15","","","","99.59","","","","-8","","NA"
"-68.15","49.26","BAIE-COMEAU","704S001","2022-03-09 20:00","2022","03","09","20:00","-3.1","","-6.9","","75","","0.0","","23","","14","","","","99.50","","","","-8","","NA"
"-68.15","49.26","BAIE-COMEAU","704S001","2022-03-09 21:00","2022","03","09","21:00","-2.8","","-6.0","","79","","0.0","","23","","12","","","","99.47","","","","-7","","NA"
"-68.15","49.26","BAIE-COMEAU","704S001","2022-03-09 22:00","2022","03","09","22:00","-3.2","","-5.8","","83","","0.0","","23","","13","","","","99.41","","","","-8","","NA"
"-68.15","49.26","BAIE-COMEAU","704S001","2022-03-09 23:00","2022","03","09","23:00","-3.2","","-5.5","","84","","0.0","","23","","12","","","","99.36","","","","-8","","NA"
"-68.15","49.26","BAIE-COMEAU","704S001","2022-03-10 00:00","2022","03","10","00:00","-3.6","","-7.0","","77","","0.0","","24","","11","","","","99.33","","","","-8","","NA"
"-68.15","49.26","BAIE-COMEAU","704S001","2022-03-10 01:00","2022","03","10","01:00","-3.4","","-7.4","","73","","0.0","","24","","14","","","","99.30","","","","-8","","NA"
"-68.15","49.26","BAIE-COMEAU","704S001","2022-03-10 02:00","2022","03","10","02:00","-3.5","","-7.0","","76","","0.0","","23","","15","","","","99.26","","","","-9","","NA"
"-68.15","49.26","BAIE-COMEAU","704S001","2022-03-10 03:00","2022","03","10","03:00","-3.5","","-7.1","","76","","0.0","","23","","12","","","","99.24","","","","-8","","NA"
"-68.15","49.26","BAIE-COMEAU","704S001","2022-03-10 04:00","2022","03","10","04:00","-3.6","","-7.4","","75","","0.0","","23","","15","","","","99.17","","","","-9","","NA"
"-68.15","49.26","BAIE-COMEAU","704S001","2022-03-10 05:00","2022","03","10","05:00","-3.7","","-7.0","","78","","0.0","","23","","13","","","","99.14","","","","-9","","NA"
"-68.15","49.26","BAIE-COMEAU","704S001","2022-03-10 06:00","2022","03","10","06:00","-3.6","","-7.1","","77","","0.0","","26","","17","","","","99.16","","","","-9","","NA"
"-68.15","49.26","BAIE-COMEAU","704S001","2022-03-10 07:00","2022","03","10","07:00","-3.2","","-6.6","","77","","0.0","","25","","20","","","","99.15","","","","-9","","NA"
"-68.15","49.26","BAIE-COMEAU","704S001","2022-03-10 08:00","2022","03","10","08:00","-2.3","","-5.0","","82","","0.0","","24","","19","","","","99.16","","","","-8","","NA"
"-68.15","49.26","BAIE-COMEAU","704S001","2022-03-10 09:00","2022","03","10","09:00","-0.9","","-5.4","","71","","0.0","","25","","19","","","","99.17","","","","-6","","NA"
"-68.15","49.26","BAIE-COMEAU","704S001","2022-03-10 10:00","2022","03","10","10:00","1.6","","-5.9","","57","","0.0","","26","","20","","","","99.19","","","","","","NA"
"-68.15","49.26","BAIE-COMEAU","704S001","2022-03-10 11:00","2022","03","10","11:00","2.0","","-7.9","","48","","0.0","","25","","26","","","","99.18","","","","","","NA"
"-68.15","49.26","BAIE-COMEAU","704S001","2022-03-10 12:00","2022","03","10","12:00","2.4","","-7.8","","47","","0.0","","27","","31","","","","99.21","","","","","","NA"
"-68.15","49.26","BAIE-COMEAU","704S001","2022-03-10 13:00","2022","03","10","13:00","2.2","","-8.4","","46","","0.0","","26","","26","","","","99.27","","","","","","NA"
"-68.15","49.26","BAIE-COMEAU","704S001","2022-03-10 14:00","2022","03","10","14:00","2.2","","-10.8","","37","","0.0","","27","","34","","","","99.35","","","","","","NA"
"-68.15","49.26","BAIE-COMEAU","704S001","2022-03-10 15:00","2022","03","10","15:00","1.0","","-10.5","","42","","0.0","","26","","32","","","","99.45","","","","","","NA"
"-68.15","49.26","BAIE-COMEAU","704S001","2022-03-10 16:00","2022","03","10","16:00","1.0","","-11.4","","39","","0.0","","28","","30","","","","99.55","","","","","","NA"
"-68.15","49.26","BAIE-COMEAU","704S001","2022-03-10 17:00","2022","03","10","17:00","-0.4","","-11.2","","44","","0.0","","28","","13","","","","99.65","","","","-5","","NA"
"-68.15","49.26","BAIE-COMEAU","704S001","2022-03-10 18:00","2022","03","10","18:00","-2.1","","-11.2","","50","","0.0","","29","","24","","","","99.77","","","","-8","","NA"
"-68.15","49.26","BAIE-COMEAU","704S001","2022-03-10 19:00","2022","03","10","19:00","-3.2","","-11.2","","54","","0.0","","30","","20","","","","99.86","","","","-9","","NA"
"-68.15","49.26","BAIE-COMEAU","704S001","2022-03-10 20:00","2022","03","10","20:00","-4.3","","-11.2","","59","","0.0","","30","","20","","","","99.97","","","","-11","","NA"
"-68.15","49.26","BAIE-COMEAU","704S001","2022-03-10 21:00","2022","03","10","21:00","-5.3","","-12.6","","57","","0.0","","30","","20","","","","100.05","","","","-12","","NA"
"-68.15","49.26","BAIE-COMEAU","704S001","2022-03-10 22:00","2022","03","10","22:00","-6.2","","-13.4","","57","","0.0","","29","","22","","","","100.07","","","","-13","","NA"
"-68.15","49.26","BAIE-COMEAU","704S001","2022-03-10 23:00","2022","03","10","23:00","-7.4","","-16.5","","48","","0.0","","30","","18","","","","100.11","","","","-14","","NA"
"-68.15","49.26","BAIE-COMEAU","704S001","2022-03-11 00:00","2022","03","11","00:00","-8.6","","-18.2","","46","","0.0","","31","","21","","","","100.14","","","","-16","","NA"
"-68.15","49.26","BAIE-COMEAU","704S001","2022-03-11 01:00","2022","03","11","01:00","-9.5","","-18.7","","47","","0.0","","31","","16","","","","100.24","","","","-16","","NA"
"-68.15","49.26","BAIE-COMEAU","704S001","2022-03-11 02:00","2022","03","11","02:00","-10.5","","-18.2","","53","","0.0","","30","","10","","","","100.33","","","","-16","","NA"
"-68.15","49.26","BAIE-COMEAU","704S001","2022-03-11 03:00","2022","03","11","03:00","-11.4","","-18.8","","54","","0.0","","29","","14","","","","100.38","","","","-18","","NA"
"-68.15","49.26","BAIE-COMEAU","704S001","2022-03-11 04:00","2022","03","11","04:00","-12.7","","-18.9","","59","","0.0","","30","","12","","","","100.42","","","","-19","","NA"
"-68.15","49.26","BAIE-COMEAU","704S001","2022-03-11 05:00","2022","03","11","05:00","-13.5","","-19.2","","62","","0.0","","32","","9","","","","100.46","","","","-19","","NA"
"-68.15","49.26","BAIE-COMEAU","704S001","2022-03-11 06:00","2022","03","11","06:00","-14.2","","-19.7","","63","","0.0","","34","","12","","","","100.50","","","","-21","","NA"
"-68.15","49.26","BAIE-COMEAU","704S001","2022-03-11 07:00","2022","03","11","07:00","-15.1","","-20.3","","64","","0.0","","33","","14","","","","100.54","","","","-23","","NA"
"-68.15","49.26","BAIE-COMEAU","704S001","2022-03-11 08:00","2022","03","11","08:00","-13.4","","-20.4","","56","","0.0","","33","","12","","","","100.58","","","","-20","","NA"
"-68.15","49.26","BAIE-COMEAU","704S001","2022-03-11 09:00","2022","03","11","09:00","-11.0","","-22.3","","39","","0.0","","32","","10","","","","100.60","","","","-16","","NA"
"-68.15","49.26","BAIE-COMEAU","704S001","2022-03-11 10:00","2022","03","11","10:00","-9.2","","-21.6","","36","","0.0","","33","","7","","","","100.56","","","","-13","","NA"
"-68.15","49.26","BAIE-COMEAU","704S001","2022-03-11 11:00","2022","03","11","11:00","-8.5","","-19.3","","41","","0.0","","15","","13","","","","100.50","","","","-14","","NA"
"-68.15","49.26","BAIE-COMEAU","704S001","2022-03-11 12:00","2022","03","11","12:00","-8.3","","-17.8","","46","","0.0","","15","","14","","","","100.43","","","","-14","","NA"
"-68.15","49.26","BAIE-COMEAU","704S001","2022-03-11 13:00","2022","03","11","13:00","-7.6","","-16.6","","48","","0.0","","15","","13","","","","100.35","","","","-13","","NA"
"-68.15","49.26","BAIE-COMEAU","704S001","2022-03-11 14:00","2022","03","11","14:00","-7.5","","-16.5","","48","","0.0","","15","","14","","","","100.31","","","","-13","","NA"
"-68.15","49.26","BAIE-COMEAU","704S001","2022-03-11 15:00","2022","03","11","15:00","-7.3","","-17.3","","45","","0.0","","14","","13","","","","100.25","","","","-13","","NA"
"-68.15","49.26","BAIE-COMEAU","704S001","2022-03-11 16:00","2022","03","11","16:00","-7.4","","-16.5","","48","","0.0","","15","","10","","","","100.21","","","","-12","","NA"
"-68.15","49.26","BAIE-COMEAU","704S001","2022-03-11 17:00","2022","03","11","17:00","-8.0","","-17.2","","48","","0.0","","12","","8","","","","100.18","","","","-12","","NA"
"-68.15","49.26","BAIE-COMEAU","704S001","2022-03-11 18:00","2022","03","11","18:00","-8.8","","-15.6","","58","","0.0","","10","","8","","","","100.17","","","","-13","","NA"
"-68.15","49.26","BAIE-COMEAU","704S001","2022-03-11 19:00","2022","03","11","19:00","-9.7","","-16.9","","56","","0.0","","6","","12","","","","100.13","","","","-16","","NA"
"-68.15","49.26","BAIE-COMEAU","704S001","2022-03-11 20:00","2022","03","11","20:00","-9.9","","-17.5","","54","","0.0","","3","","11","","","","100.10","","","","-15","","NA"
"-68.15","49.26","BAIE-COMEAU","704S001","2022-03-11 21:00","2022","03","11","21:00","-9.9","","-18.0","","52","","0.0","","3","","7","","","","100.07","","","","-14","","NA"
"-68.15","49.26","BAIE-COMEAU","704S001","2022-03-11 22:00","2022","03","11","22:00","-9.1","","-15.5","","60","","0.0","","6","","11","","","","99.96","","","","-15","","NA"
"-68.15","49.26","BAIE-COMEAU","704S001","2022-03-11 23:00","2022","03","11","23:00","-8.9","","-12.9","","73","","0.0","","8","","13","","","","99.86","","","","-15","","NA"
"-68.15","49.26","BAIE-COMEAU","704S001","2022-03-12 00:00","2022","03","12","00:00","-9.3","","-11.8","","82","","0.0","","8","","16","","","","99.73","","","","-16","","NA"
"-68.15","49.26","BAIE-COMEAU","704S001","2022-03-12 01:00","2022","03","12","01:00","-9.1","","-11.3","","84","","0.0","","7","","11","","","","99.62","","","","-15","","NA"
"-68.15","49.26","BAIE-COMEAU","704S001","2022-03-12 02:00","2022","03","12","02:00","-9.0","","-10.9","","86","","0.0","","6","","14","","","","99.49","","","","-15","","NA"
"-68.15","49.26","BAIE-COMEAU","704S001","2022-03-12 03:00","2022","03","12","03:00","-8.5","","-10.2","","87","","1.5","","8","","17","","","","99.26","","","","-15","","NA"
"-68.15","49.26","BAIE-COMEAU","704S001","2022-03-12 04:00","2022","03","12","04:00","-7.6","","-9.3","","88","","0.0","","7","","14","","","","99.09","","","","-14","","NA"
"-68.15","49.26","BAIE-COMEAU","704S001","2022-03-12 05:00","2022","03","12","05:00","-7.5","","-8.9","","90","","0.0","","8","","15","","","","98.92","","","","-14","","NA"
"-68.15","49.26","BAIE-COMEAU","704S001","2022-03-12 06:00","2022","03","12","06:00","-7.0","","-8.1","","91","","1.8","","8","","12","","","","98.76","","","","-12","","NA"
"-68.15","49.26","BAIE-COMEAU","704S001","2022-03-12 07:00","2022","03","12","07:00","-6.2","","-7.3","","92","","2.6","","8","","16","","","","98.63","","","","-12","","NA"
"-68.15","49.26","BAIE-COMEAU","704S001","2022-03-12 08:00","2022","03","12","08:00","-5.5","","-6.5","","93","","2.7","","9","","22","","","","98.51","","","","-13","","NA"
"-68.15","49.26","BAIE-COMEAU","704S001","2022-03-12 09:00","2022","03","12","09:00","-4.8","","-5.8","","93","","0.9","","9","","19","","","","98.39","","","","-11","","NA"
"-68.15","49.26","BAIE-COMEAU","704S001","2022-03-12 10:00","2022","03","12","10:00","-4.3","","-5.3","","93","","1.9","","9","","20","","","","98.14","","","","-11","","NA"
"-68.15","49.26","BAIE-COMEAU","704S001","2022-03-12 11:00","2022","03","12","11:00","-3.4","","-4.3","","94","","0.6","","9","","17","","","","98.00","","","","-9","","NA"
"-68.15","49.26","BAIE-COMEAU","704S001","2022-03-12 12:00","2022","03","12","12:00","-2.8","","-3.6","","94","","0.0","","9","","13","","","","97.84","","","","-7","","NA"
"-68.15","49.26","BAIE-COMEAU","704S001","2022-03-12 13:00","2022","03","12","13:00","-2.3","","-3.0","","95","","0.0","","8","","6","","","","97.67","","","","-5","","NA"
"-68.15","49.26","BAIE-COMEAU","704S001","2022-03-12 14:00","2022","03","12","14:00","-2.6","","-3.3","","95","","0.2","","34","","9","","","","97.46","","","","-6","","NA"
"-68.15","49.26","BAIE-COMEAU","704S001","2022-03-12 15:00","2022","03","12","15:00","-3.2","","-3.9","","95","","0.3","","35","","14","","","","97.26","","","","-8","","NA"
"-68.15","49.26","BAIE-COMEAU","704S001","2022-03-12 16:00","2022","03","12","16:00","-4.5","","-5.2","","95","","1.8","","35","","24","","","","97.08","","","","-12","","NA"
"-68.15","49.26","BAIE-COMEAU","704S001","2022-03-12 17:00","2022","03","12","17:00","-5.5","","-6.3","","94","","1.0","","34","","22","","","","96.88","","","","-13","","NA"
"-68.15","49.26","BAIE-COMEAU","704S001","2022-03-12 18:00","2022","03","12","18:00","-6.3","","-7.2","","93","","1.3","","33","","22","","","","96.74","","","","-14","","NA"
"-68.15","49.26","BAIE-COMEAU","704S001","2022-03-12 19:00","2022","03","12","19:00","-7.4","","-8.4","","92","","0.9","","32","","26","","","","96.58","","","","-16","","NA"
"-68.15","49.26","BAIE-COMEAU","704S001","2022-03-12 20:00","2022","03","12","20:00","-8.6","","-9.8","","91","","0.6","","33","","30","","","","96.48","","","","-18","","NA"
"-68.15","49.26","BAIE-COMEAU","704S001","2022-03-12 21:00","2022","03","12","21:00","-9.4","","-10.8","","90","","0.2","","33","","36","","","","96.34","","","","-20","","NA"
"-68.15","49.26","BAIE-COMEAU","704S001","2022-03-12 22:00","2022","03","12","22:00","-10.0","","-11.7","","88","","0.0","","33","","42","","","","96.25","","","","-21","","NA"
"-68.15","49.26","BAIE-COMEAU","704S001","2022-03-12 23:00","2022","03","12","23:00","-10.6","","-12.9","","83","","0.2","","33","","54","","","","96.19","","","","-23","","NA"
"-68.15","49.26","BAIE-COMEAU","704S001","2022-03-13 00:00","2022","03","13","00:00","-11.3","","-14.6","","77","","0.2","","33","","56","","","","96.18","","","","-24","","NA"
"-68.15","49.26","BAIE-COMEAU","704S001","2022-03-13 01:00","2022","03","13","01:00","-11.7","","-15.4","","74","","0.6","","33","","63","","","","96.18","","","","-25","","NA"
"-68.15","49.26","BAIE-COMEAU","704S001","2022-03-13 02:00","2022","03","13","02:00","-11.6","","-16.1","","69","","0.0","","32","","51","","","","96.31","","","","-24","","NA"
"-68.15","49.26","BAIE-COMEAU","704S001","2022-03-13 03:00","2022","03","13","03:00","-11.5","","-16.3","","68","","0.0","","31","","37","","","","96.47","","","","-22","","NA"
"-68.15","49.26","BAIE-COMEAU","704S001","2022-03-13 04:00","2022","03","13","04:00","-11.8","","-17.3","","64","","0.2","","31","","37","","","","96.64","","","","-23","","NA"
"-68.15","49.26","BAIE-COMEAU","704S001","2022-03-13 05:00","2022","03","13","05:00","-12.0","","-18.2","","60","","0.0","","32","","42","","","","96.82","","","","-24","","NA"
"-68.15","49.26","BAIE-COMEAU","704S001","2022-03-13 06:00","2022","03","13","06:00","-12.0","","-18.9","","57","","0.0","","31","","38","","","","97.06","","","","-23","","NA"
"-68.15","49.26","BAIE-COMEAU","704S001","2022-03-13 07:00","2022","03","13","07:00","-11.6","","-18.3","","57","","0.2","","31","","34","","","","97.24","","","","-22","","NA"
"-68.15","49.26","BAIE-COMEAU","704S001","2022-03-13 08:00","2022","03","13","08:00","-10.9","","-17.7","","57","","0.3","","31","","37","","","","97.45","","","","-22","","NA"
"-68.15","49.26","BAIE-COMEAU","704S001","2022-03-13 09:00","2022","03","13","09:00","-10.3","","-18.3","","52","","0.0","","31","","37","","","","97.62","","","","-21","","NA"
"-68.15","49.26","BAIE-COMEAU","704S001","2022-03-13 10:00","2022","03","13","10:00","-9.4","","-19.1","","45","","0.0","","31","","40","","","","97.76","","","","-20","","NA"
"-68.15","49.26","BAIE-COMEAU","704S001","2022-03-13 11:00","2022","03","13","11:00","-8.6","","-18.9","","43","","0.0","","30","","41","","","","97.92","","","","-19","","NA"
"-68.15","49.26","BAIE-COMEAU","704S001","2022-03-13 12:00","2022","03","13","12:00","-8.4","","-18.7","","43","","0.0","","30","","33","","","","98.09","","","","-18","","NA"
"-68.15","49.26","BAIE-COMEAU","704S001","2022-03-13 13:00","2022","03","13","13:00","-8.1","","-17.8","","46","","0.0","","28","","26","","","","98.24","","","","-16","","NA"
"-68.15","49.26","BAIE-COMEAU","704S001","2022-03-13 14:00","2022","03","13","14:00","-8.4","","-18.3","","45","","0.0","","28","","35","","","","98.39","","","","-18","","NA"
"-68.15","49.26","BAIE-COMEAU","704S001","2022-03-13 15:00","2022","03","13","15:00","-8.7","","-18.8","","44","","0.2","","28","","32","","","","98.57","","","","-18","","NA"
"-68.15","49.26","BAIE-COMEAU","704S001","2022-03-13 16:00","2022","03","13","16:00","-9.0","","-19.4","","43","","0.0","","28","","35","","","","98.75","","","","-19","","NA"
"-68.15","49.26","BAIE-COMEAU","704S001","2022-03-13 17:00","2022","03","13","17:00","-10.3","","-20.7","","42","","0.0","","29","","28","","","","98.96","","","","-20","","NA"
"-68.15","49.26","BAIE-COMEAU","704S001","2022-03-13 18:00","2022","03","13","18:00","-10.7","","-20.7","","44","","0.0","","28","","30","","","","99.16","","","","-20","","NA"
"-68.15","49.26","BAIE-COMEAU","704S001","2022-03-13 19:00","2022","03","13","19:00","-11.8","","-21.2","","46","","0.0","","28","","31","","","","99.32","","","","-22","","NA"
"-68.15","49.26","BAIE-COMEAU","704S001","2022-03-13 20:00","2022","03","13","20:00","-12.7","","-21.6","","47","","0.0","","28","","29","","","","99.50","","","","-23","","NA"
"-68.15","49.26","BAIE-COMEAU","704S001","2022-03-13 21:00","2022","03","13","21:00","-13.5","","-22.3","","47","","0.0","","29","","33","","","","99.57","","","","-25","","NA"
"-68.15","49.26","BAIE-COMEAU","704S001","2022-03-13 22:00","2022","03","13","22:00","-14.2","","-22.6","","49","","0.0","","29","","19","","","","99.73","","","","-23","","NA"
"-68.15","49.26","BAIE-COMEAU","704S001","2022-03-13 23:00","2022","03","13","23:00","-15.1","","-22.7","","52","","0.0","","25","","11","","","","99.84","","","","-22","","NA"
"-68.15","49.26","BAIE-COMEAU","704S001","2022-03-14 00:00","2022","03","14","00:00","-15.2","","-22.3","","55","","0.0","","25","","19","","","","99.91","","","","-24","","NA"
"-68.15","49.26","BAIE-COMEAU","704S001","2022-03-14 01:00","2022","03","14","01:00","-15.3","","-22.6","","54","","0.0","","31","","10","","","","99.99","","","","-22","","NA"
"-68.15","49.26","BAIE-COMEAU","704S001","2022-03-14 02:00","2022","03","14","02:00","-17.6","","-22.5","","65","","0.0","","33","","12","","","","99.99","","","","-25","","NA"
"-68.15","49.26","BAIE-COMEAU","704S001","2022-03-14 03:00","2022","03","14","03:00","-16.8","","-21.8","","65","","0.0","","33","","16","","","","99.99","","","","-25","","NA"
"-68.15","49.26","BAIE-COMEAU","704S001","2022-03-14 04:00","2022","03","14","04:00","-17.8","","-22.6","","66","","0.0","","33","","15","","","","100.02","","","","-26","","NA"
"-68.15","49.26","BAIE-COMEAU","704S001","2022-03-14 05:00","2022","03","14","05:00","-18.7","","-22.7","","71","","0.0","","34","","20","","","","100.05","","","","-29","","NA"
"-68.15","49.26","BAIE-COMEAU","704S001","2022-03-14 06:00","2022","03","14","06:00","-18.8","","-23.0","","70","","0.0","","33","","16","","","","100.07","","","","-28","","NA"
"-68.15","49.26","BAIE-COMEAU","704S001","2022-03-14 07:00","2022","03","14","07:00","-18.5","","-22.5","","70","","0.0","","33","","14","","","","100.11","","","","-27","","NA"
"-68.15","49.26","BAIE-COMEAU","704S001","2022-03-14 08:00","2022","03","14","08:00","-11.7","","-16.9","","65","","0.0","","26","","9","","","","100.17","","","","-17","","NA"
"-68.15","49.26","BAIE-COMEAU","704S001","2022-03-14 09:00","2022","03","14","09:00","-9.0","","-15.7","","58","","0.0","","29","","6","","","","100.18","","","","-12","","NA"
"-68.15","49.26","BAIE-COMEAU","704S001","2022-03-14 10:00","2022","03","14","10:00","-7.1","","-14.4","","56","","0.0","","25","","12","","","","100.19","","","","-12","","NA"
"-68.15","49.26","BAIE-COMEAU","704S001","2022-03-14 11:00","2022","03","14","11:00","-4.6","","-13.4","","50","","0.0","","21","","11","","","","100.14","","","","-9","","NA"
"-68.15","49.26","BAIE-COMEAU","704S001","2022-03-14 12:00","2022","03","14","12:00","-2.9","","-10.8","","54","","0.0","","20","","14","","","","100.03","","","","-8","","NA"
"-68.15","49.26","BAIE-COMEAU","704S001","2022-03-14 13:00","2022","03","14","13:00","-2.2","","-9.6","","57","","0.0","","22","","14","","","","99.96","","","","-7","","NA"
"-68.15","49.26","BAIE-COMEAU","704S001","2022-03-14 14:00","2022","03","14","14:00","-2.8","","-7.1","","72","","0.0","","22","","23","","","","99.91","","","","-9","","NA"
"-68.15","49.26","BAIE-COMEAU","704S001","2022-03-14 15:00","2022","03","14","15:00","-3.5","","-5.7","","84","","0.2","","23","","25","","","","99.87","","","","-10","","NA"
"-68.15","49.26","BAIE-COMEAU","704S001","2022-03-14 16:00","2022","03","14","16:00","-2.5","","-5.7","","79","","0.0","","25","","21","","","","99.85","","","","-9","","NA"
"-68.15","49.26","BAIE-COMEAU","704S001","2022-03-14 17:00","2022","03","14","17:00","-1.7","","-10.8","","50","","0.0","","28","","21","","","","99.90","","","","-8","","NA"
"-68.15","49.26","BAIE-COMEAU","704S001","2022-03-14 18:00","2022","03","14","18:00","-2.6","","-10.8","","53","","0.0","","26","","24","","","","99.94","","","","-9","","NA"
"-68.15","49.26","BAIE-COMEAU","704S001","2022-03-14 19:00","2022","03","14","19:00","-3.4","","-10.5","","58","","0.0","","26","","17","","","","99.96","","","","-9","","NA"
"-68.15","49.26","BAIE-COMEAU","704S001","2022-03-14 20:00","2022","03","14","20:00","-3.0","","-10.2","","58","","0.0","","26","","16","","","","99.93","","","","-8","","NA"
"-68.15","49.26","BAIE-COMEAU","704S001","2022-03-14 21:00","2022","03","14","21:00","-3.0","","-9.6","","60","","0.0","","26","","17","","","","99.87","","","","-9","","NA"
"-68.15","49.26","BAIE-COMEAU","704S001","2022-03-14 22:00","2022","03","14","22:00","-3.1","","-8.4","","67","","0.0","","26","","23","","","","99.87","","","","-10","","NA"
"-68.15","49.26","BAIE-COMEAU","704S001","2022-03-14 23:00","2022","03","14","23:00","-3.2","","-8.1","","69","","0.3","","26","","22","","","","99.85","","","","-10","","NA"
"-68.15","49.26","BAIE-COMEAU","704S001","2022-03-15 00:00","2022","03","15","00:00","-4.1","","-7.9","","75","","0.0","","30","","21","","","","99.93","","","","-11","","NA"
"-68.15","49.26","BAIE-COMEAU","704S001","2022-03-15 01:00","2022","03","15","01:00","-5.3","","-10.3","","68","","0.0","","29","","19","","","","100.02","","","","-12","","NA"
"-68.15","49.26","BAIE-COMEAU","704S001","2022-03-15 02:00","2022","03","15","02:00","-6.4","","-11.7","","66","","0.0","","29","","18","","","","100.03","","","","-13","","NA"
"-68.15","49.26","BAIE-COMEAU","704S001","2022-03-15 03:00","2022","03","15","03:00","-7.5","","-14.8","","56","","0.0","","29","","18","","","","100.11","","","","-14","","NA"
"-68.15","49.26","BAIE-COMEAU","704S001","2022-03-15 04:00","2022","03","15","04:00","-8.5","","-16.0","","55","","0.0","","30","","16","","","","100.22","","","","-15","","NA"
"-68.15","49.26","BAIE-COMEAU","704S001","2022-03-15 05:00","2022","03","15","05:00","-9.2","","-16.2","","57","","0.0","","29","","9","","","","100.29","","","","-14","","NA"
"-68.15","49.26","BAIE-COMEAU","704S001","2022-03-15 06:00","2022","03","15","06:00","-9.9","","-17.1","","56","","0.0","","30","","14","","","","100.35","","","","-16","","NA"
"-68.15","49.26","BAIE-COMEAU","704S001","2022-03-15 07:00","2022","03","15","07:00","-9.5","","-18.2","","49","","0.0","","28","","23","","","","100.45","","","","-18","","NA"
"-68.15","49.26","BAIE-COMEAU","704S001","2022-03-15 08:00","2022","03","15","08:00","-9.5","","-20.1","","42","","0.0","","30","","24","","","","100.54","","","","-18","","NA"
"-68.15","49.26","BAIE-COMEAU","704S001","2022-03-15 09:00","2022","03","15","09:00","-9.1","","-20.8","","38","","0.0","","29","","22","","","","100.60","","","","-17","","NA"
"-68.15","49.26","BAIE-COMEAU","704S001","2022-03-15 10:00","2022","03","15","10:00","-8.8","","-21.3","","35","","0.0","","30","","21","","","","100.65","","","","-17","","NA"
"-68.15","49.26","BAIE-COMEAU","704S001","2022-03-15 11:00","2022","03","15","11:00","-8.7","","-22.0","","33","","0.0","","30","","19","","","","100.68","","","","-16","","NA"
"-68.15","49.26","BAIE-COMEAU","704S001","2022-03-15 12:00","2022","03","15","12:00"
"-68.15","49.26","BAIE-COMEAU","704S001","2022-03-15 13:00","2022","03","15","13:00"
"-68.15","49.26","BAIE-COMEAU","704S001","2022-03-15 14:00","2022","03","15","14:00"
"-68.15","49.26","BAIE-COMEAU","704S001","2022-03-15 15:00","2022","03","15","15:00"
"-68.15","49.26","BAIE-COMEAU","704S001","2022-03-15 16:00","2022","03","15","16:00"
"-68.15","49.26","BAIE-COMEAU","704S001","2022-03-15 17:00","2022","03","15","17:00"
"-68.15","49.26","BAIE-COMEAU","704S001","2022-03-15 18:00","2022","03","15","18:00"
"-68.15","49.26","BAIE-COMEAU","704S001","2022-03-15 19:00","2022","03","15","19:00"
"-68.15","49.26","BAIE-COMEAU","704S001","2022-03-15 20:00","2022","03","15","20:00"
"-68.15","49.26","BAIE-COMEAU","704S001","2022-03-15 21:00","2022","03","15","21:00"
"-68.15","49.26","BAIE-COMEAU","704S001","2022-03-15 22:00","2022","03","15","22:00"
"-68.15","49.26","BAIE-COMEAU","704S001","2022-03-15 23:00","2022","03","15","23:00"
"-68.15","49.26","BAIE-COMEAU","704S001","2022-03-16 00:00","2022","03","16","00:00"
"-68.15","49.26","BAIE-COMEAU","704S001","2022-03-16 01:00","2022","03","16","01:00"
"-68.15","49.26","BAIE-COMEAU","704S001","2022-03-16 02:00","2022","03","16","02:00"
"-68.15","49.26","BAIE-COMEAU","704S001","2022-03-16 03:00","2022","03","16","03:00"
"-68.15","49.26","BAIE-COMEAU","704S001","2022-03-16 04:00","2022","03","16","04:00"
"-68.15","49.26","BAIE-COMEAU","704S001","2022-03-16 05:00","2022","03","16","05:00"
"-68.15","49.26","BAIE-COMEAU","704S001","2022-03-16 06:00","2022","03","16","06:00"
"-68.15","49.26","BAIE-COMEAU","704S001","2022-03-16 07:00","2022","03","16","07:00"
"-68.15","49.26","BAIE-COMEAU","704S001","2022-03-16 08:00","2022","03","16","08:00"
"-68.15","49.26","BAIE-COMEAU","704S001","2022-03-16 09:00","2022","03","16","09:00"
"-68.15","49.26","BAIE-COMEAU","704S001","2022-03-16 10:00","2022","03","16","10:00"
"-68.15","49.26","BAIE-COMEAU","704S001","2022-03-16 11:00","2022","03","16","11:00"
"-68.15","49.26","BAIE-COMEAU","704S001","2022-03-16 12:00","2022","03","16","12:00"
"-68.15","49.26","BAIE-COMEAU","704S001","2022-03-16 13:00","2022","03","16","13:00"
"-68.15","49.26","BAIE-COMEAU","704S001","2022-03-16 14:00","2022","03","16","14:00"
"-68.15","49.26","BAIE-COMEAU","704S001","2022-03-16 15:00","2022","03","16","15:00"
"-68.15","49.26","BAIE-COMEAU","704S001","2022-03-16 16:00","2022","03","16","16:00"
"-68.15","49.26","BAIE-COMEAU","704S001","2022-03-16 17:00","2022","03","16","17:00"
"-68.15","49.26","BAIE-COMEAU","704S001","2022-03-16 18:00","2022","03","16","18:00"
"-68.15","49.26","BAIE-COMEAU","704S001","2022-03-16 19:00","2022","03","16","19:00"
"-68.15","49.26","BAIE-COMEAU","704S001","2022-03-16 20:00","2022","03","16","20:00","0.1","","-3.1","","79","","0.0","","30","","12","","","","100.18","","","","","","NA"
"-68.15","49.26","BAIE-COMEAU","704S001","2022-03-16 21:00","2022","03","16","21:00"
"-68.15","49.26","BAIE-COMEAU","704S001","2022-03-16 22:00","2022","03","16","22:00","-1.6","","-4.3","","82","","0.0","","34","","10","","","","100.22","","","","-5","","NA"
"-68.15","49.26","BAIE-COMEAU","704S001","2022-03-16 23:00","2022","03","16","23:00","-3.0","","-4.5","","89","","0.0","","34","","12","","","","100.22","","","","-7","","NA"
"-68.15","49.26","BAIE-COMEAU","704S001","2022-03-17 00:00","2022","03","17","00:00"
"-68.15","49.26","BAIE-COMEAU","704S001","2022-03-17 01:00","2022","03","17","01:00"
"-68.15","49.26","BAIE-COMEAU","704S001","2022-03-17 02:00","2022","03","17","02:00"
"-68.15","49.26","BAIE-COMEAU","704S001","2022-03-17 03:00","2022","03","17","03:00"
"-68.15","49.26","BAIE-COMEAU","704S001","2022-03-17 04:00","2022","03","17","04:00"
"-68.15","49.26","BAIE-COMEAU","704S001","2022-03-17 05:00","2022","03","17","05:00","-3.1","","-5.1","","86","","0.0","","11","","13","","","","100.08","","","","-8","","NA"
"-68.15","49.26","BAIE-COMEAU","704S001","2022-03-17 06:00","2022","03","17","06:00","-3.1","","-4.1","","93","","1.2","","9","","15","","","","100.01","","","","-8","","NA"
"-68.15","49.26","BAIE-COMEAU","704S001","2022-03-17 07:00","2022","03","17","07:00","-2.4","","-3.2","","94","","0.2","","9","","16","","","","99.92","","","","-8","","NA"
"-68.15","49.26","BAIE-COMEAU","704S001","2022-03-17 08:00","2022","03","17","08:00","-1.9","","-2.7","","94","","0.6","","10","","14","","","","99.87","","","","-7","","NA"
"-68.15","49.26","BAIE-COMEAU","704S001","2022-03-17 09:00","2022","03","17","09:00","-1.6","","-2.3","","95","","0.2","","11","","16","","","","99.79","","","","-7","","NA"
"-68.15","49.26","BAIE-COMEAU","704S001","2022-03-17 10:00","2022","03","17","10:00","-0.5","","-1.6","","93","","0.0","","10","","12","","","","99.71","","","","-4","","NA"
"-68.15","49.26","BAIE-COMEAU","704S001","2022-03-17 11:00","2022","03","17","11:00","0.2","","-1.2","","90","","0.0","","12","","11","","","","99.64","","","","","","NA"
"-68.15","49.26","BAIE-COMEAU","704S001","2022-03-17 12:00","2022","03","17","12:00","0.1","","-1.3","","91","","0.0","","12","","14","","","","99.56","","","","","","NA"
"-68.15","49.26","BAIE-COMEAU","704S001","2022-03-17 13:00","2022","03","17","13:00","-0.5","","-1.0","","96","","0.6","","11","","14","","","","99.44","","","","-5","","NA"
"-68.15","49.26","BAIE-COMEAU","704S001","2022-03-17 14:00","2022","03","17","14:00","-0.3","","-0.8","","97","","1.0","","12","","14","","","","99.37","","","","-5","","NA"
"-68.15","49.26","BAIE-COMEAU","704S001","2022-03-17 15:00","2022","03","17","15:00","-0.5","","-0.9","","97","","0.0","","11","","14","","","","99.30","","","","-5","","NA"
"-68.15","49.26","BAIE-COMEAU","704S001","2022-03-17 16:00","2022","03","17","16:00","-0.4","","-0.8","","97","","0.0","","12","","9","","","","99.29","","","","-4","","NA"
"-68.15","49.26","BAIE-COMEAU","704S001","2022-03-17 17:00","2022","03","17","17:00","-0.5","","-0.9","","97","","0.0","","12","","8","","","","99.31","","","","-3","","NA"
"-68.15","49.26","BAIE-COMEAU","704S001","2022-03-17 18:00","2022","03","17","18:00","-0.5","","-0.9","","97","","0.0","","11","","8","","","","99.30","","","","-3","","NA"
"-68.15","49.26","BAIE-COMEAU","704S001","2022-03-17 19:00","2022","03","17","19:00","-0.5","","-0.9","","97","","0.0","","13","","7","","","","99.33","","","","-3","","NA"
"-68.15","49.26","BAIE-COMEAU","704S001","2022-03-17 20:00","2022","03","17","20:00","-0.9","","-1.3","","97","","0.0","","14","","9","","","","99.33","","","","-4","","NA"
"-68.15","49.26","BAIE-COMEAU","704S001","2022-03-17 21:00","2022","03","17","21:00","-1.1","","-1.6","","97","","0.0","","11","","5","","","","99.30","","","","-3","","NA"
"-68.15","49.26","BAIE-COMEAU","704S001","2022-03-17 22:00","2022","03","17","22:00","-1.5","","-1.9","","97","","0.0","","14","","8","","","","99.29","","","","-5","","NA"
"-68.15","49.26","BAIE-COMEAU","704S001","2022-03-17 23:00","2022","03","17","23:00","-1.5","","-1.9","","97","","0.0","","11","","4","","","","99.26","","","","-3","","NA"
"-68.15","49.26","BAIE-COMEAU","704S001","2022-03-18 00:00","2022","03","18","00:00","-1.8","","-2.2","","97","","0.0","","35","","7","","","","99.26","","","","-4","","NA"
"-68.15","49.26","BAIE-COMEAU","704S001","2022-03-18 01:00","2022","03","18","01:00","-1.1","","-1.5","","97","","0.0","","30","","5","","","","99.26","","","","-3","","NA"
"-68.15","49.26","BAIE-COMEAU","704S001","2022-03-18 02:00","2022","03","18","02:00","-0.7","","-1.1","","97","","0.0","","26","","3","","","","99.22","","","","-2","","NA"
"-68.15","49.26","BAIE-COMEAU","704S001","2022-03-18 03:00","2022","03","18","03:00","-0.5","","-0.9","","97","","0.0","","33","","12","","","","99.24","","","","-4","","NA"
"-68.15","49.26","BAIE-COMEAU","704S001","2022-03-18 04:00","2022","03","18","04:00","2.7","","2.1","","96","","0.0","","31","","12","","","","99.28","","","","","","NA"
"-68.15","49.26","BAIE-COMEAU","704S001","2022-03-18 05:00","2022","03","18","05:00","2.1","","1.3","","94","","0.0","","32","","14","","","","99.33","","","","","","NA"
"-68.15","49.26","BAIE-COMEAU","704S001","2022-03-18 06:00","2022","03","18","06:00","2.9","","1.7","","92","","0.0","","29","","18","","","","99.35","","","","","","NA"
"-68.15","49.26","BAIE-COMEAU","704S001","2022-03-18 07:00","2022","03","18","07:00","2.7","","1.2","","90","","0.4","","33","","15","","","","99.46","","","","","","NA"
"-68.15","49.26","BAIE-COMEAU","704S001","2022-03-18 08:00","2022","03","18","08:00","3.9","","1.5","","84","","0.0","","32","","20","","","","99.54","","","","","","NA"
"-68.15","49.26","BAIE-COMEAU","704S001","2022-03-18 09:00","2022","03","18","09:00","3.2","","-0.4","","78","","0.2","","34","","22","","","","99.64","","","","","","NA"
"-68.15","49.26","BAIE-COMEAU","704S001","2022-03-18 10:00","2022","03","18","10:00","3.7","","-1.3","","70","","0.2","","33","","20","","","","99.72","","","","","","NA"
"-68.15","49.26","BAIE-COMEAU","704S001","2022-03-18 11:00","2022","03","18","11:00","4.0","","-1.6","","67","","0.2","","32","","18","","","","99.79","","","","","","NA"
"-68.15","49.26","BAIE-COMEAU","704S001","2022-03-18 12:00","2022","03","18","12:00","4.4","","-2.1","","63","","0.0","","31","","20","","","","99.87","","","","","","NA"
"-68.15","49.26","BAIE-COMEAU","704S001","2022-03-18 13:00","2022","03","18","13:00","4.5","","-3.0","","58","","0.0","","33","","18","","","","99.90","","","","","","NA"
"-68.15","49.26","BAIE-COMEAU","704S001","2022-03-18 14:00","2022","03","18","14:00","5.4","","-5.3","","46","","0.0","","33","","18","","","","99.91","","","","","","NA"
"-68.15","49.26","BAIE-COMEAU","704S001","2022-03-18 15:00","2022","03","18","15:00","5.9","","-8.1","","36","","0.0","","30","","20","","","","99.96","","","","","","NA"
"-68.15","49.26","BAIE-COMEAU","704S001","2022-03-18 16:00","2022","03","18","16:00","5.8","","-9.7","","32","","0.0","","29","","23","","","","100.02","","","","","","NA"
"-68.15","49.26","BAIE-COMEAU","704S001","2022-03-18 17:00","2022","03","18","17:00","4.6","","-12.7","","27","","0.0","","32","","18","","","","100.13","","","","","","NA"
"-68.15","49.26","BAIE-COMEAU","704S001","2022-03-18 18:00","2022","03","18","18:00","2.8","","-15.1","","26","","0.0","","31","","16","","","","100.27","","","","","","NA"
"-68.15","49.26","BAIE-COMEAU","704S001","2022-03-18 19:00","2022","03","18","19:00","1.6","","-15.2","","27","","0.0","","32","","19","","","","100.38","","","","","","NA"
"-68.15","49.26","BAIE-COMEAU","704S001","2022-03-18 20:00","2022","03","18","20:00","0.5","","-15.0","","30","","0.0","","32","","18","","","","100.46","","","","","","NA"
"-68.15","49.26","BAIE-COMEAU","704S001","2022-03-18 21:00","2022","03","18","21:00","-0.5","","-14.2","","35","","0.0","","34","","16","","","","100.55","","","","-5","","NA"
"-68.15","49.26","BAIE-COMEAU","704S001","2022-03-18 22:00","2022","03","18","22:00","-1.5","","-14.0","","38","","0.0","","34","","15","","","","100.61","","","","-6","","NA"
"-68.15","49.26","BAIE-COMEAU","704S001","2022-03-18 23:00","2022","03","18","23:00","-2.2","","-14.0","","40","","0.0","","34","","18","","","","100.63","","","","-8","","NA"
"-68.15","49.26","BAIE-COMEAU","704S001","2022-03-19 00:00","2022","03","19","00:00","-3.0","","-14.5","","41","","0.0","","32","","10","","","","100.72","","","","-7","","NA"
"-68.15","49.26","BAIE-COMEAU","704S001","2022-03-19 01:00","2022","03","19","01:00","-3.6","","-15.0","","41","","0.0","","33","","16","","","","100.78","","","","-9","","NA"
"-68.15","49.26","BAIE-COMEAU","704S001","2022-03-19 02:00","2022","03","19","02:00","-4.1","","-15.8","","40","","0.0","","34","","11","","","","100.81","","","","-9","","NA"
"-68.15","49.26","BAIE-COMEAU","704S001","2022-03-19 03:00","2022","03","19","03:00","-4.0","","-17.4","","34","","0.0","","6","","6","","","","100.90","","","","-7","","NA"
"-68.15","49.26","BAIE-COMEAU","704S001","2022-03-19 04:00","2022","03","19","04:00","-4.6","","-17.1","","37","","0.0","","1","","5","","","","100.96","","","","-7","","NA"
"-68.15","49.26","BAIE-COMEAU","704S001","2022-03-19 05:00","2022","03","19","05:00","-7.4","","-16.0","","50","","0.0","","35","","12","","","","101.03","","","","-13","","NA"
"-68.15","49.26","BAIE-COMEAU","704S001","2022-03-19 06:00","2022","03","19","06:00","-7.3","","-16.1","","49","","0.0","","36","","10","","","","101.03","","","","-12","","NA"
"-68.15","49.26","BAIE-COMEAU","704S001","2022-03-19 07:00","2022","03","19","07:00","-5.2","","-17.5","","37","","0.0","","4","","9","","","","101.04","","","","-9","","NA"
"-68.15","49.26","BAIE-COMEAU","704S001","2022-03-19 08:00","2022","03","19","08:00","-4.1","","-16.7","","37","","0.0","","4","","7","","","","101.06","","","","-7","","NA"
"-68.15","49.26","BAIE-COMEAU","704S001","2022-03-19 09:00","2022","03","19","09:00","-2.0","","-15.4","","35","","0.0","","11","","13","","","","101.07","","","","-6","","NA"
"-68.15","49.26","BAIE-COMEAU","704S001","2022-03-19 10:00","2022","03","19","10:00","-2.0","","-12.9","","43","","0.0","","12","","13","","","","101.06","","","","-6","","NA"
"-68.15","49.26","BAIE-COMEAU","704S001","2022-03-19 11:00","2022","03","19","11:00","-2.4","","-10.6","","53","","0.0","","11","","13","","","","100.99","","","","-7","","NA"
"-68.15","49.26","BAIE-COMEAU","704S001","2022-03-19 12:00","2022","03","19","12:00","-2.1","","-8.7","","61","","0.0","","11","","14","","","","100.92","","","","-7","","NA"
"-68.15","49.26","BAIE-COMEAU","704S001","2022-03-19 13:00","2022","03","19","13:00","-2.0","","-8.2","","63","","0.0","","11","","14","","","","100.80","","","","-7","","NA"
"-68.15","49.26","BAIE-COMEAU","704S001","2022-03-19 14:00","2022","03","19","14:00","-2.0","","-6.7","","70","","0.0","","11","","13","","","","100.72","","","","-6","","NA"
"-68.15","49.26","BAIE-COMEAU","704S001","2022-03-19 15:00","2022","03","19","15:00","-2.0","","-6.8","","70","","0.0","","11","","16","","","","100.62","","","","-7","","NA"
"-68.15","49.26","BAIE-COMEAU","704S001","2022-03-19 16:00","2022","03","19","16:00","-2.2","","-6.8","","71","","0.0","","10","","16","","","","100.57","","","","-7","","NA"
"-68.15","49.26","BAIE-COMEAU","704S001","2022-03-19 17:00","2022","03","19","17:00","-2.2","","-7.7","","66","","0.4","","10","","17","","","","100.51","","","","-8","","NA"
"-68.15","49.26","BAIE-COMEAU","704S001","2022-03-19 18:00","2022","03","19","18:00","-2.7","","-7.2","","71","","0.0","","11","","18","","","","100.50","","","","-8","","NA"
"-68.15","49.26","BAIE-COMEAU","704S001","2022-03-19 19:00","2022","03","19","19:00","-3.3","","-8.2","","69","","0.0","","8","","19","","","","100.46","","","","-9","","NA"
"-68.15","49.26","BAIE-COMEAU","704S001","2022-03-19 20:00","2022","03","19","20:00","-4.2","","-6.8","","82","","0.0","","8","","17","","","","100.37","","","","-10","","NA"
"-68.15","49.26","BAIE-COMEAU","704S001","2022-03-19 21:00","2022","03","19","21:00","-4.6","","-6.3","","88","","0.0","","8","","15","","","","100.29","","","","-10","","NA"
"-68.15","49.26","BAIE-COMEAU","704S001","2022-03-19 22:00","2022","03","19","22:00","-4.4","","-5.6","","91","","1.2","","7","","15","","","","100.14","","","","-10","","NA"
"-68.15","49.26","BAIE-COMEAU","704S001","2022-03-19 23:00","2022","03","19","23:00","-4.0","","-5.1","","92","","0.4","","7","","9","","","","99.98","","","","-8","","NA"
"-68.15","49.26","BAIE-COMEAU","704S001","2022-03-20 00:00","2022","03","20","00:00","-3.1","","-4.1","","93","","0.8","","6","","17","","","","99.85","","","","-9","","NA"
"-68.15","49.26","BAIE-COMEAU","704S001","2022-03-20 01:00","2022","03","20","01:00","-2.6","","-3.4","","94","","1.1","","6","","18","","","","99.73","","","","-8","","NA"
"-68.15","49.26","BAIE-COMEAU","704S001","2022-03-20 02:00","2022","03","20","02:00","-2.5","","-3.4","","94","","0.6","","7","","14","","","","99.59","","","","-7","","NA"
"-68.15","49.26","BAIE-COMEAU","704S001","2022-03-20 03:00","2022","03","20","03:00","-2.6","","-3.4","","94","","0.4","","8","","17","","","","99.44","","","","-8","","NA"
"-68.15","49.26","BAIE-COMEAU","704S001","2022-03-20 04:00","2022","03","20","04:00","-2.8","","-3.7","","94","","0.0","","8","","13","","","","99.35","","","","-7","","NA"
"-68.15","49.26","BAIE-COMEAU","704S001","2022-03-20 05:00","2022","03","20","05:00","-3.2","","-4.0","","94","","0.4","","8","","16","","","","99.28","","","","-9","","NA"
"-68.15","49.26","BAIE-COMEAU","704S001","2022-03-20 06:00","2022","03","20","06:00","-3.1","","-3.9","","94","","1.0","","9","","13","","","","99.21","","","","-8","","NA"
"-68.15","49.26","BAIE-COMEAU","704S001","2022-03-20 07:00","2022","03","20","07:00","-3.1","","-3.9","","94","","0.0","","9","","17","","","","99.17","","","","-9","","NA"
"-68.15","49.26","BAIE-COMEAU","704S001","2022-03-20 08:00","2022","03","20","08:00","-2.8","","-3.6","","94","","0.4","","8","","17","","","","99.12","","","","-8","","NA"
"-68.15","49.26","BAIE-COMEAU","704S001","2022-03-20 09:00","2022","03","20","09:00","-2.3","","-3.2","","94","","0.0","","8","","11","","","","99.06","","","","-6","","NA"
"-68.15","49.26","BAIE-COMEAU","704S001","2022-03-20 10:00","2022","03","20","10:00","-2.2","","-3.4","","91","","0.2","","7","","15","","","","99.01","","","","-7","","NA"
"-68.15","49.26","BAIE-COMEAU","704S001","2022-03-20 11:00","2022","03","20","11:00","-2.2","","-4.1","","87","","0.8","","7","","18","","","","98.96","","","","-8","","NA"
"-68.15","49.26","BAIE-COMEAU","704S001","2022-03-20 12:00","2022","03","20","12:00","-1.9","","-4.3","","84","","0.3","","7","","17","","","","98.90","","","","-7","","NA"
"-68.15","49.26","BAIE-COMEAU","704S001","2022-03-20 13:00","2022","03","20","13:00","-1.0","","-4.2","","79","","0.0","","8","","11","","","","98.88","","","","-5","","NA"
"-68.15","49.26","BAIE-COMEAU","704S001","2022-03-20 14:00","2022","03","20","14:00","-0.4","","-4.3","","75","","0.0","","9","","13","","","","98.83","","","","-5","","NA"
"-68.15","49.26","BAIE-COMEAU","704S001","2022-03-20 15:00","2022","03","20","15:00","-0.6","","-4.2","","76","","0.0","","7","","7","","","","98.83","","","","-3","","NA"
"-68.15","49.26","BAIE-COMEAU","704S001","2022-03-20 16:00","2022","03","20","16:00","-0.9","","-4.4","","77","","0.0","","7","","11","","","","98.85","","","","-5","","NA"
"-68.15","49.26","BAIE-COMEAU","704S001","2022-03-20 17:00","2022","03","20","17:00","-1.4","","-4.4","","80","","0.0","","5","","8","","","","98.90","","","","-4","","NA"
"-68.15","49.26","BAIE-COMEAU","704S001","2022-03-20 18:00","2022","03","20","18:00","-1.9","","-4.5","","82","","0.0","","3","","11","","","","98.93","","","","-6","","NA"
"-68.15","49.26","BAIE-COMEAU","704S001","2022-03-20 19:00","2022","03","20","19:00","-2.3","","-4.5","","84","","0.0","","36","","13","","","","98.94","","","","-7","","NA"
"-68.15","49.26","BAIE-COMEAU","704S001","2022-03-20 20:00","2022","03","20","20:00","-2.5","","-4.6","","86","","0.0","","34","","11","","","","98.91","","","","-7","","NA"
"-68.15","49.26","BAIE-COMEAU","704S001","2022-03-20 21:00","2022","03","20","21:00","-2.7","","-4.8","","86","","0.0","","34","","15","","","","98.90","","","","-8","","NA"
"-68.15","49.26","BAIE-COMEAU","704S001","2022-03-20 22:00","2022","03","20","22:00","-2.8","","-4.9","","85","","0.0","","33","","14","","","","98.89","","","","-8","","NA"
"-68.15","49.26","BAIE-COMEAU","704S001","2022-03-20 23:00","2022","03","20","23:00","-3.0","","-5.0","","86","","0.0","","32","","11","","","","98.89","","","","-7","","NA"
"-68.15","49.26","BAIE-COMEAU","704S001","2022-03-21 00:00","2022","03","21","00:00","-3.1","","-5.2","","85","","0.0","","32","","11","","","","98.91","","","","-7","","NA"
"-68.15","49.26","BAIE-COMEAU","704S001","2022-03-21 01:00","2022","03","21","01:00","-4.2","","-5.9","","88","","0.0","","33","","11","","","","98.89","","","","-9","","NA"
"-68.15","49.26","BAIE-COMEAU","704S001","2022-03-21 02:00","2022","03","21","02:00","-4.2","","-5.9","","88","","0.0","","33","","11","","","","98.85","","","","-9","","NA"
"-68.15","49.26","BAIE-COMEAU","704S001","2022-03-21 03:00","2022","03","21","03:00","-4.2","","-5.9","","88","","0.0","","32","","10","","","","98.85","","","","-8","","NA"
"-68.15","49.26","BAIE-COMEAU","704S001","2022-03-21 04:00","2022","03","21","04:00","-4.3","","-5.9","","88","","0.0","","30","","14","","","","98.83","","","","-9","","NA"
"-68.15","49.26","BAIE-COMEAU","704S001","2022-03-21 05:00","2022","03","21","05:00","-4.1","","-5.9","","87","","0.0","","31","","13","","","","98.81","","","","-9","","NA"
"-68.15","49.26","BAIE-COMEAU","704S001","2022-03-21 06:00","2022","03","21","06:00","-4.1","","-5.7","","88","","0.0","","32","","9","","","","98.77","","","","-8","","NA"
"-68.15","49.26","BAIE-COMEAU","704S001","2022-03-21 07:00","2022","03","21","07:00","-3.3","","-5.2","","87","","0.0","","32","","10","","","","98.77","","","","-7","","NA"
"-68.15","49.26","BAIE-COMEAU","704S001","2022-03-21 08:00","2022","03","21","08:00","-1.3","","-3.9","","83","","0.0","","30","","13","","","","98.73","","","","-6","","NA"
"-68.15","49.26","BAIE-COMEAU","704S001","2022-03-21 09:00","2022","03","21","09:00","1.3","","-3.4","","71","","0.0","","30","","19","","","","98.70","","","","","","NA"
"-68.15","49.26","BAIE-COMEAU","704S001","2022-03-21 10:00","2022","03","21","10:00","1.0","","-3.6","","72","","0.0","","29","","22","","","","98.65","","","","","","NA"
"-68.15","49.26","BAIE-COMEAU","704S001","2022-03-21 11:00","2022","03","21","11:00","1.3","","-3.7","","70","","0.0","","29","","19","","","","98.64","","","","","","NA"
"-68.15","49.26","BAIE-COMEAU","704S001","2022-03-21 12:00","2022","03","21","12:00","1.0","","-4.8","","65","","0.0","","30","","20","","","","98.64","","","","","","NA"
"-68.15","49.26","BAIE-COMEAU","704S001","2022-03-21 13:00","2022","03","21","13:00","0.8","","-5.1","","65","","0.0","","30","","21","","","","98.61","","","","","","NA"
"-68.15","49.26","BAIE-COMEAU","704S001","2022-03-21 14:00","2022","03","21","14:00","0.9","","-6.4","","58","","0.0","","30","","25","","","","98.59","","","","","","NA"
"-68.15","49.26","BAIE-COMEAU","704S001","2022-03-21 15:00","2022","03","21","15:00","0.4","","-7.0","","58","","0.0","","30","","25","","","","98.59","","","","","","NA"
"-68.15","49.26","BAIE-COMEAU","704S001","2022-03-21 16:00","2022","03","21","16:00","0.1","","-8.1","","54","","0.0","","30","","29","","","","98.59","","","","","","NA"
"-68.15","49.26","BAIE-COMEAU","704S001","2022-03-21 17:00","2022","03","21","17:00","-0.7","","-8.3","","57","","0.0","","30","","25","","","","98.64","","","","-7","","NA"
"-68.15","49.26","BAIE-COMEAU","704S001","2022-03-21 18:00","2022","03","21","18:00","-1.8","","-7.2","","66","","0.0","","30","","19","","","","98.72","","","","-7","","NA"
"-68.15","49.26","BAIE-COMEAU","704S001","2022-03-21 19:00","2022","03","21","19:00","-2.4","","-9.6","","58","","0.0","","30","","26","","","","98.76","","","","-9","","NA"
"-68.15","49.26","BAIE-COMEAU","704S001","2022-03-21 20:00","2022","03","21","20:00","-3.8","","-10.7","","59","","0.0","","31","","36","","","","98.84","","","","-12","","NA"
"-68.15","49.26","BAIE-COMEAU","704S001","2022-03-21 21:00","2022","03","21","21:00","-5.5","","-12.2","","59","","0.0","","31","","31","","","","98.87","","","","-14","","NA"
"-68.15","49.26","BAIE-COMEAU","704S001","2022-03-21 22:00","2022","03","21","22:00","-6.2","","-12.7","","60","","0.0","","31","","27","","","","98.80","","","","-14","","NA"
"-68.15","49.26","BAIE-COMEAU","704S001","2022-03-21 23:00","2022","03","21","23:00","-6.7","","-13.0","","61","","0.0","","31","","34","","","","98.75","","","","-16","","NA"
"-68.15","49.26","BAIE-COMEAU","704S001","2022-03-22 00:00","2022","03","22","00:00","-7.4","","-13.4","","62","","0.0","","31","","33","","","","98.74","","","","-17","","NA"
"-68.15","49.26","BAIE-COMEAU","704S001","2022-03-22 01:00","2022","03","22","01:00","-7.7","","-13.3","","64","","0.0","","31","","39","","","","98.67","","","","-18","","NA"
"-68.15","49.26","BAIE-COMEAU","704S001","2022-03-22 02:00","2022","03","22","02:00","-7.9","","-13.6","","64","","0.0","","32","","39","","","","98.66","","","","-18","","NA"
"-68.15","49.26","BAIE-COMEAU","704S001","2022-03-22 03:00","2022","03","22","03:00","-7.6","","-13.4","","63","","0.0","","32","","42","","","","98.68","","","","-18","","NA"
"-68.15","49.26","BAIE-COMEAU","704S001","2022-03-22 04:00","2022","03","22","04:00","-7.5","","-13.4","","63","","0.0","","32","","34","","","","98.76","","","","-17","","NA"
"-68.15","49.26","BAIE-COMEAU","704S001","2022-03-22 05:00","2022","03","22","05:00","-7.5","","-13.3","","63","","0.0","","32","","38","","","","98.78","","","","-17","","NA"
"-68.15","49.26","BAIE-COMEAU","704S001","2022-03-22 06:00","2022","03","22","06:00","-7.4","","-13.2","","63","","0.0","","32","","41","","","","98.80","","","","-17","","NA"
"-68.15","49.26","BAIE-COMEAU","704S001","2022-03-22 07:00","2022","03","22","07:00","-6.9","","-12.9","","62","","0.0","","32","","38","","","","98.82","","","","-16","","NA"
"-68.15","49.26","BAIE-COMEAU","704S001","2022-03-22 08:00","2022","03","22","08:00","-5.2","","-11.7","","60","","0.0","","32","","33","","","","98.88","","","","-14","","NA"
"-68.15","49.26","BAIE-COMEAU","704S001","2022-03-22 09:00","2022","03","22","09:00","-3.6","","-11.0","","57","","0.0","","33","","43","","","","98.84","","","","-12","","NA"
"-68.15","49.26","BAIE-COMEAU","704S001","2022-03-22 10:00","2022","03","22","10:00","-2.7","","-9.7","","58","","0.0","","32","","41","","","","98.91","","","","-11","","NA"
"-68.15","49.26","BAIE-COMEAU","704S001","2022-03-22 11:00","2022","03","22","11:00","-0.6","","-7.9","","58","","0.0","","32","","41","","","","98.94","","","","-8","","NA"
"-68.15","49.26","BAIE-COMEAU","704S001","2022-03-22 12:00","2022","03","22","12:00","0.7","","-7.2","","55","","0.0","","33","","40","","","","98.99","","","","","","NA"
"-68.15","49.26","BAIE-COMEAU","704S001","2022-03-22 13:00","2022","03","22","13:00","2.1","","-6.6","","53","","0.0","","34","","35","","","","99.10","","","","","","NA"
"-68.15","49.26","BAIE-COMEAU","704S001","2022-03-22 14:00","2022","03","22","14:00","2.9","","-6.3","","51","","0.0","","34","","30","","","","99.17","","","","","","NA"
"-68.15","49.26","BAIE-COMEAU","704S001","2022-03-22 15:00","2022","03","22","15:00","3.2","","-6.3","","50","","0.0","","34","","40","","","","99.21","","","","","","NA"
"-68.15","49.26","BAIE-COMEAU","704S001","2022-03-22 16:00","2022","03","22","16:00","3.6","","-6.6","","47","","0.0","","34","","36","","","","99.36","","","","","","NA"
"-68.15","49.26","BAIE-COMEAU","704S001","2022-03-22 17:00","2022","03","22","17:00","3.5","","-6.3","","49","","0.0","","34","","31","","","","99.46","","","","","","NA"
"-68.15","49.26","BAIE-COMEAU","704S001","2022-03-22 18:00","2022","03","22","18:00","3.3","","-6.7","","48","","0.0","","33","","36","","","","99.59","","","","","","NA"
"-68.15","49.26","BAIE-COMEAU","704S001","2022-03-22 19:00","2022","03","22","19:00","3.0","","-6.6","","49","","0.0","","33","","33","","","","99.72","","","","","","NA"
"-68.15","49.26","BAIE-COMEAU","704S001","2022-03-22 20:00","2022","03","22","20:00","2.4","","-7.6","","47","","0.0","","34","","34","","","","99.84","","","","","","NA"
"-68.15","49.26","BAIE-COMEAU","704S001","2022-03-22 21:00","2022","03","22","21:00","1.8","","-8.5","","46","","0.0","","34","","36","","","","99.93","","","","","","NA"
"-68.15","49.26","BAIE-COMEAU","704S001","2022-03-22 22:00","2022","03","22","22:00","1.0","","-9.1","","47","","0.0","","34","","46","","","","99.94","","","","","","NA"
"-68.15","49.26","BAIE-COMEAU","704S001","2022-03-22 23:00","2022","03","22","23:00","0.2","","-9.1","","49","","0.0","","35","","39","","","","100.00","","","","","","NA"
"-68.15","49.26","BAIE-COMEAU","704S001","2022-03-23 00:00","2022","03","23","00:00","-0.6","","-9.6","","51","","0.0","","35","","38","","","","100.08","","","","-8","","NA"
"-68.15","49.26","BAIE-COMEAU","704S001","2022-03-23 01:00","2022","03","23","01:00","-1.0","","-9.7","","52","","0.0","","35","","37","","","","100.16","","","","-8","","NA"
"-68.15","49.26","BAIE-COMEAU","704S001","2022-03-23 02:00","2022","03","23","02:00","-1.4","","-9.6","","54","","0.0","","35","","35","","","","100.27","","","","-9","","NA"
"-68.15","49.26","BAIE-COMEAU","704S001","2022-03-23 03:00","2022","03","23","03:00","-1.7","","-9.9","","54","","0.0","","35","","25","","","","100.42","","","","-8","","NA"
"-68.15","49.26","BAIE-COMEAU","704S001","2022-03-23 04:00","2022","03","23","04:00","-2.2","","-10.3","","54","","0.0","","36","","17","","","","100.55","","","","-8","","NA"
"-68.15","49.26","BAIE-COMEAU","704S001","2022-03-23 05:00","2022","03","23","05:00","-2.6","","-10.4","","55","","0.0","","36","","15","","","","100.62","","","","-8","","NA"
"-68.15","49.26","BAIE-COMEAU","704S001","2022-03-23 06:00","2022","03","23","06:00","-2.8","","-10.6","","55","","0.0","","1","","19","","","","100.72","","","","-9","","NA"
"-68.15","49.26","BAIE-COMEAU","704S001","2022-03-23 07:00","2022","03","23","07:00","-2.6","","-10.8","","53","","0.0","","36","","20","","","","100.87","","","","-9","","NA"
"-68.15","49.26","BAIE-COMEAU","704S001","2022-03-23 08:00","2022","03","23","08:00","-1.9","","-10.8","","51","","0.0","","35","","19","","","","100.95","","","","-7","","NA"
"-68.15","49.26","BAIE-COMEAU","704S001","2022-03-23 09:00","2022","03","23","09:00","-0.8","","-10.8","","46","","0.0","","35","","23","","","","100.98","","","","-7","","NA"
"-68.15","49.26","BAIE-COMEAU","704S001","2022-03-23 10:00","2022","03","23","10:00","0.1","","-10.7","","44","","0.0","","35","","21","","","","101.02","","","","","","NA"
"-68.15","49.26","BAIE-COMEAU","704S001","2022-03-23 11:00","2022","03","23","11:00","1.4","","-10.1","","42","","0.0","","34","","16","","","","101.02","","","","","","NA"
"-68.15","49.26","BAIE-COMEAU","704S001","2022-03-23 12:00","2022","03","23","12:00","2.8","","-10.6","","37","","0.0","","35","","17","","","","101.00","","","","","","NA"
"-68.15","49.26","BAIE-COMEAU","704S001","2022-03-23 13:00","2022","03","23","13:00","1.0","","-4.9","","65","","0.0","","12","","14","","","","101.01","","","","","","NA"
"-68.15","49.26","BAIE-COMEAU","704S001","2022-03-23 14:00","2022","03","23","14:00","-0.5","","-5.2","","71","","0.0","","15","","16","","","","100.99","","","","-5","","NA"
"-68.15","49.26","BAIE-COMEAU","704S001","2022-03-23 15:00","2022","03","23","15:00","-0.2","","-5.7","","66","","0.0","","14","","11","","","","100.98","","","","-4","","NA"
"-68.15","49.26","BAIE-COMEAU","704S001","2022-03-23 16:00","2022","03","23","16:00","-0.1","","-6.8","","60","","0.0","","12","","9","","","","101.00","","","","-3","","NA"
"-68.15","49.26","BAIE-COMEAU","704S001","2022-03-23 17:00","2022","03","23","17:00","-0.2","","-6.0","","64","","0.0","","14","","5","","","","101.05","","","","-2","","NA"
"-68.15","49.26","BAIE-COMEAU","704S001","2022-03-23 18:00","2022","03","23","18:00","-0.9","","-6.2","","67","","0.0","","19","","6","","","","101.07","","","","-3","","NA"
"-68.15","49.26","BAIE-COMEAU","704S001","2022-03-23 19:00","2022","03","23","19:00","-1.9","","-6.4","","71","","0.0","","1","","3","","","","101.06","","","","-3","","NA"
"-68.15","49.26","BAIE-COMEAU","704S001","2022-03-23 20:00","2022","03","23","20:00","-3.0","","-6.9","","75","","0.0","","31","","6","","","","101.13","","","","-5","","NA"
"-68.15","49.26","BAIE-COMEAU","704S001","2022-03-23 21:00","2022","03","23","21:00","0.4","","-9.8","","46","","0.0","","3","","11","","","","101.14","","","","","","NA"
"-68.15","49.26","BAIE-COMEAU","704S001","2022-03-23 22:00","2022","03","23","22:00","0.3","","-10.8","","43","","0.0","","3","","13","","","","101.21","","","","","","NA"
"-68.15","49.26","BAIE-COMEAU","704S001","2022-03-23 23:00","2022","03","23","23:00","-1.5","","-9.7","","54","","0.0","","9","","4","","","","101.25","","","","-3","","NA"
"-68.15","49.26","BAIE-COMEAU","704S001","2022-03-24 00:00","2022","03","24","00:00","-1.7","","-12.8","","42","","0.0","","4","","11","","","","101.19","","","","-6","","NA"
"-68.15","49.26","BAIE-COMEAU","704S001","2022-03-24 01:00","2022","03","24","01:00","-4.1","","-12.8","","51","","0.0","","32","","8","","","","101.25","","","","-8","","NA"
"-68.15","49.26","BAIE-COMEAU","704S001","2022-03-24 02:00","2022","03","24","02:00","-2.9","","-15.6","","37","","0.0","","6","","6","","","","101.21","","","","-5","","NA"
"-68.15","49.26","BAIE-COMEAU","704S001","2022-03-24 03:00","2022","03","24","03:00","-4.6","","-15.3","","43","","0.0","","3","","5","","","","101.18","","","","-7","","NA"
"-68.15","49.26","BAIE-COMEAU","704S001","2022-03-24 04:00","2022","03","24","04:00","-4.3","","-16.5","","38","","0.0","","5","","12","","","","101.12","","","","-9","","NA"
"-68.15","49.26","BAIE-COMEAU","704S001","2022-03-24 05:00","2022","03","24","05:00","-5.3","","-15.8","","43","","0.0","","4","","10","","","","101.14","","","","-10","","NA"
"-68.15","49.26","BAIE-COMEAU","704S001","2022-03-24 06:00","2022","03","24","06:00","-3.7","","-13.2","","48","","0.0","","7","","10","","","","101.15","","","","-8","","NA"
"-68.15","49.26","BAIE-COMEAU","704S001","2022-03-24 07:00","2022","03","24","07:00","-3.0","","-10.6","","56","","0.0","","9","","14","","","","101.11","","","","-8","","NA"
"-68.15","49.26","BAIE-COMEAU","704S001","2022-03-24 08:00","2022","03","24","08:00","-2.7","","-9.4","","60","","0.0","","9","","13","","","","101.07","","","","-7","","NA"
"-68.15","49.26","BAIE-COMEAU","704S001","2022-03-24 09:00","2022","03","24","09:00","-2.2","","-9.6","","57","","0.0","","10","","17","","","","101.01","","","","-8","","NA"
"-68.15","49.26","BAIE-COMEAU","704S001","2022-03-24 10:00","2022","03","24","10:00","-2.3","","-8.0","","65","","0.0","","11","","17","","","","100.99","","","","-8","","NA"
"-68.15","49.26","BAIE-COMEAU","704S001","2022-03-24 11:00","2022","03","24","11:00","-1.5","","-6.9","","66","","0.0","","11","","12","","","","100.94","","","","-6","","NA"
"-68.15","49.26","BAIE-COMEAU","704S001","2022-03-24 12:00","2022","03","24","12:00","-1.9","","-6.1","","73","","0.0","","12","","14","","","","100.91","","","","-7","","NA"
"-68.15","49.26","BAIE-COMEAU","704S001","2022-03-24 13:00","2022","03","24","13:00","-1.6","","-6.3","","70","","0.0","","10","","14","","","","100.74","","","","-6","","NA"
"-68.15","49.26","BAIE-COMEAU","704S001","2022-03-24 14:00","2022","03","24","14:00","-1.4","","-5.2","","75","","0.0","","11","","16","","","","100.67","","","","-6","","NA"
"-68.15","49.26","BAIE-COMEAU","704S001","2022-03-24 15:00","2022","03","24","15:00","-2.0","","-5.4","","77","","0.0","","11","","16","","","","100.60","","","","-7","","NA"
"-68.15","49.26","BAIE-COMEAU","704S001","2022-03-24 16:00","2022","03","24","16:00","-1.4","","-6.5","","68","","0.0","","10","","10","","","","100.60","","","","-5","","NA"
"-68.15","49.26","BAIE-COMEAU","704S001","2022-03-24 17:00","2022","03","24","17:00","-1.4","","-6.3","","69","","0.3","","10","","20","","","","100.49","","","","-7","","NA"
"-68.15","49.26","BAIE-COMEAU","704S001","2022-03-24 18:00","2022","03","24","18:00","-2.1","","-6.5","","72","","0.0","","10","","24","","","","100.41","","","","-8","","NA"
"-68.15","49.26","BAIE-COMEAU","704S001","2022-03-24 19:00","2022","03","24","19:00","-3.0","","-4.2","","92","","0.3","","9","","26","","","","100.38","","","","-10","","NA"
"-68.15","49.26","BAIE-COMEAU","704S001","2022-03-24 20:00","2022","03","24","20:00","-2.4","","-3.3","","93","","0.0","","9","","27","","","","100.27","","","","-9","","NA"
"-68.15","49.26","BAIE-COMEAU","704S001","2022-03-24 21:00","2022","03","24","21:00","-2.0","","-3.0","","93","","0.0","","9","","28","","","","100.18","","","","-9","","NA"
"-68.15","49.26","BAIE-COMEAU","704S001","2022-03-24 22:00","2022","03","24","22:00","-2.1","","-3.2","","92","","0.3","","9","","26","","","","100.13","","","","-9","","NA"
"-68.15","49.26","BAIE-COMEAU","704S001","2022-03-24 23:00","2022","03","24","23:00","-2.3","","-2.9","","95","","0.5","","9","","24","","","","100.07","","","","-9","","NA"
"-68.15","49.26","BAIE-COMEAU","704S001","2022-03-25 00:00","2022","03","25","00:00","-2.2","","-2.8","","96","","0.9","","10","","20","","","","100.02","","","","-8","","NA"
"-68.15","49.26","BAIE-COMEAU","704S001","2022-03-25 01:00","2022","03","25","01:00","-2.2","","-2.7","","96","","0.7","","10","","19","","","","99.93","","","","-8","","NA"
"-68.15","49.26","BAIE-COMEAU","704S001","2022-03-25 02:00","2022","03","25","02:00","-2.0","","-2.5","","96","","0.0","","10","","19","","","","99.76","","","","-8","","NA"
"-68.15","49.26","BAIE-COMEAU","704S001","2022-03-25 03:00","2022","03","25","03:00","-1.9","","-2.3","","97","","0.0","","9","","18","","","","99.65","","","","-7","","NA"
"-68.15","49.26","BAIE-COMEAU","704S001","2022-03-25 04:00","2022","03","25","04:00","-1.7","","-2.2","","97","","0.0","","10","","15","","","","99.62","","","","-7","","NA"
"-68.15","49.26","BAIE-COMEAU","704S001","2022-03-25 05:00","2022","03","25","05:00","-1.6","","-2.2","","96","","0.6","","10","","14","","","","99.49","","","","-6","","NA"
"-68.15","49.26","BAIE-COMEAU","704S001","2022-03-25 06:00","2022","03","25","06:00","-1.4","","-2.3","","94","","0.0","","8","","20","","","","99.38","","","","-7","","NA"
"-68.15","49.26","BAIE-COMEAU","704S001","2022-03-25 07:00","2022","03","25","07:00","-1.1","","-2.1","","93","","0.0","","8","","18","","","","99.35","","","","-6","","NA"
"-68.15","49.26","BAIE-COMEAU","704S001","2022-03-25 08:00","2022","03","25","08:00","-0.9","","-2.0","","92","","0.0","","9","","19","","","","99.30","","","","-6","","NA"
"-68.15","49.26","BAIE-COMEAU","704S001","2022-03-25 09:00","2022","03","25","09:00","-1.0","","-1.8","","94","","0.0","","8","","15","","","","99.19","","","","-6","","NA"
"-68.15","49.26","BAIE-COMEAU","704S001","2022-03-25 10:00","2022","03","25","10:00","-0.8","","-1.4","","95","","0.0","","9","","13","","","","99.08","","","","-5","","NA"
"-68.15","49.26","BAIE-COMEAU","704S001","2022-03-25 11:00","2022","03","25","11:00","-0.9","","-1.5","","96","","0.5","","7","","14","","","","98.92","","","","-5","","NA"
"-68.15","49.26","BAIE-COMEAU","704S001","2022-03-25 12:00","2022","03","25","12:00","-0.9","","-1.5","","96","","0.7","","6","","16","","","","98.76","","","","-6","","NA"
"-68.15","49.26","BAIE-COMEAU","704S001","2022-03-25 13:00","2022","03","25","13:00","-1.1","","-1.7","","96","","0.6","","7","","16","","","","98.60","","","","-6","","NA"
"-68.15","49.26","BAIE-COMEAU","704S001","2022-03-25 14:00","2022","03","25","14:00","-1.5","","-2.0","","96","","1.1","","8","","17","","","","98.53","","","","-7","","NA"
"-68.15","49.26","BAIE-COMEAU","704S001","2022-03-25 15:00","2022","03","25","15:00","-2.0","","-2.4","","97","","2.1","","7","","25","","","","98.38","","","","-8","","NA"
"-68.15","49.26","BAIE-COMEAU","704S001","2022-03-25 16:00","2022","03","25","16:00","-2.0","","-2.5","","97","","0.6","","7","","29","","","","98.26","","","","-9","","NA"
"-68.15","49.26","BAIE-COMEAU","704S001","2022-03-25 17:00","2022","03","25","17:00","-2.2","","-2.7","","97","","1.5","","7","","30","","","","98.18","","","","-9","","NA"
"-68.15","49.26","BAIE-COMEAU","704S001","2022-03-25 18:00","2022","03","25","18:00","-2.3","","-2.7","","97","","0.3","","7","","25","","","","98.14","","","","-9","","NA"
"-68.15","49.26","BAIE-COMEAU","704S001","2022-03-25 19:00","2022","03","25","19:00","-2.4","","-2.9","","97","","0.2","","7","","24","","","","98.10","","","","-9","","NA"
"-68.15","49.26","BAIE-COMEAU","704S001","2022-03-25 20:00","2022","03","25","20:00","-2.8","","-3.3","","96","","0.3","","7","","25","","","","98.01","","","","-10","","NA"
"-68.15","49.26","BAIE-COMEAU","704S001","2022-03-25 21:00","2022","03","25","21:00","-3.0","","-3.5","","96","","0.0","","7","","24","","","","97.92","","","","-10","","NA"
"-68.15","49.26","BAIE-COMEAU","704S001","2022-03-25 22:00","2022","03","25","22:00","-3.0","","-3.6","","96","","0.2","","6","","19","","","","97.85","","","","-9","","NA"
"-68.15","49.26","BAIE-COMEAU","704S001","2022-03-25 23:00","2022","03","25","23:00","-3.0","","-3.6","","96","","0.0","","5","","16","","","","97.79","","","","-8","","NA"
"-68.15","49.26","BAIE-COMEAU","704S001","2022-03-26 00:00","2022","03","26","00:00","-3.0","","-3.6","","96","","0.0","","3","","14","","","","97.72","","","","-8","","NA"
"-68.15","49.26","BAIE-COMEAU","704S001","2022-03-26 01:00","2022","03","26","01:00","-3.1","","-3.7","","96","","0.0","","34","","13","","","","97.68","","","","-8","","NA"
"-68.15","49.26","BAIE-COMEAU","704S001","2022-03-26 02:00","2022","03","26","02:00","-3.2","","-3.8","","96","","0.0","","34","","17","","","","97.66","","","","-9","","NA"
"-68.15","49.26","BAIE-COMEAU","704S001","2022-03-26 03:00","2022","03","26","03:00","-3.5","","-4.1","","96","","0.0","","34","","20","","","","97.60","","","","-10","","NA"
"-68.15","49.26","BAIE-COMEAU","704S001","2022-03-26 04:00","2022","03","26","04:00","-3.4","","-4.1","","95","","0.0","","33","","18","","","","97.58","","","","-9","","NA"
"-68.15","49.26","BAIE-COMEAU","704S001","2022-03-26 05:00","2022","03","26","05:00","-3.6","","-4.6","","93","","0.0","","33","","18","","","","97.57","","","","-9","","NA"
"-68.15","49.26","BAIE-COMEAU","704S001","2022-03-26 06:00","2022","03","26","06:00","-3.4","","-4.5","","92","","0.0","","34","","19","","","","97.59","","","","-9","","NA"
"-68.15","49.26","BAIE-COMEAU","704S001","2022-03-26 07:00","2022","03","26","07:00","-2.6","","-4.0","","90","","0.0","","33","","12","","","","97.64","","","","-7","","NA"
"-68.15","49.26","BAIE-COMEAU","704S001","2022-03-26 08:00","2022","03","26","08:00","-1.3","","-3.5","","85","","0.0","","33","","15","","","","97.67","","","","-6","","NA"
"-68.15","49.26","BAIE-COMEAU","704S001","2022-03-26 09:00","2022","03","26","09:00","-0.6","","-3.2","","82","","0.9","","33","","11","","","","97.66","","","","-4","","NA"
"-68.15","49.26","BAIE-COMEAU","704S001","2022-03-26 10:00","2022","03","26","10:00","0.2","","-2.8","","80","","1.3","","33","","8","","","","97.68","","","","","","NA"
"-68.15","49.26","BAIE-COMEAU","704S001","2022-03-26 11:00","2022","03","26","11:00","0.9","","-2.1","","80","","0.2","","14","","6","","","","97.69","","","","","","NA"
"-68.15","49.26","BAIE-COMEAU","704S001","2022-03-26 12:00","2022","03","26","12:00","0.9","","-1.6","","84","","0.4","","12","","6","","","","97.69","","","","","","NA"
"-68.15","49.26","BAIE-COMEAU","704S001","2022-03-26 13:00","2022","03","26","13:00","1.2","","-1.3","","83","","0.0","","10","","8","","","","97.70","","","","","","NA"
"-68.15","49.26","BAIE-COMEAU","704S001","2022-03-26 14:00","2022","03","26","14:00","0.5","","-1.3","","88","","0.0","","12","","7","","","","97.72","","","","","","NA"
"-68.15","49.26","BAIE-COMEAU","704S001","2022-03-26 15:00","2022","03","26","15:00","0.6","","-0.9","","90","","0.6","","23","","10","","","","97.77","","","","","","NA"
"-68.15","49.26","BAIE-COMEAU","704S001","2022-03-26 16:00","2022","03","26","16:00","1.5","","-0.7","","86","","0.2","","13","","7","","","","97.83","","","","","","NA"
"-68.15","49.26","BAIE-COMEAU","704S001","2022-03-26 17:00","2022","03","26","17:00","-0.3","","-2.4","","85","","0.2","","21","","9","","","","97.86","","","","-3","","NA"
"-68.15","49.26","BAIE-COMEAU","704S001","2022-03-26 18:00","2022","03","26","18:00","-0.6","","-2.3","","88","","0.0","","14","","3","","","","97.89","","","","-2","","NA"
"-68.15","49.26","BAIE-COMEAU","704S001","2022-03-26 19:00","2022","03","26","19:00","-0.9","","-2.5","","89","","0.0","","9","","2","","","","97.93","","","","-2","","NA"
"-68.15","49.26","BAIE-COMEAU","704S001","2022-03-26 20:00","2022","03","26","20:00","-0.7","","-2.8","","86","","0.0","","10","","1","","","","97.95","","","","-1","","NA"
"-68.15","49.26","BAIE-COMEAU","704S001","2022-03-26 21:00","2022","03","26","21:00","-1.3","","-2.7","","90","","0.0","","11","","5","","","","97.95","","","","-3","","NA"
"-68.15","49.26","BAIE-COMEAU","704S001","2022-03-26 22:00","2022","03","26","22:00","-1.6","","-2.8","","92","","0.0","","12","","6","","","","97.91","","","","-4","","NA"
"-68.15","49.26","BAIE-COMEAU","704S001","2022-03-26 23:00","2022","03","26","23:00","-1.7","","-2.7","","93","","0.0","","10","","7","","","","97.90","","","","-4","","NA"
"-68.15","49.26","BAIE-COMEAU","704S001","2022-03-27 00:00","2022","03","27","00:00","-1.7","","-2.7","","93","","0.0","","11","","7","","","","97.89","","","","-4","","NA"
"-68.15","49.26","BAIE-COMEAU","704S001","2022-03-27 01:00","2022","03","27","01:00","-1.9","","-2.6","","95","","0.7","","8","","6","","","","97.84","","","","-4","","NA"
"-68.15","49.26","BAIE-COMEAU","704S001","2022-03-27 02:00","2022","03","27","02:00","-2.1","","-2.9","","95","","0.0","","5","","8","","","","97.77","","","","-5","","NA"
"-68.15","49.26","BAIE-COMEAU","704S001","2022-03-27 03:00","2022","03","27","03:00","-1.9","","-3.0","","92","","0.3","","6","","8","","","","97.77","","","","-5","","NA"
"-68.15","49.26","BAIE-COMEAU","704S001","2022-03-27 04:00","2022","03","27","04:00","-1.7","","-2.9","","91","","0.0","","8","","7","","","","97.78","","","","-4","","NA"
"-68.15","49.26","BAIE-COMEAU","704S001","2022-03-27 05:00","2022","03","27","05:00","-1.6","","-2.5","","94","","0.2","","9","","9","","","","97.78","","","","-5","","NA"
"-68.15","49.26","BAIE-COMEAU","704S001","2022-03-27 06:00","2022","03","27","06:00","-1.6","","-2.3","","95","","0.0","","9","","9","","","","97.83","","","","-5","","NA"
"-68.15","49.26","BAIE-COMEAU","704S001","2022-03-27 07:00","2022","03","27","07:00","-1.4","","-2.1","","95","","0.4","","7","","8","","","","97.82","","","","-4","","NA"
"-68.15","49.26","BAIE-COMEAU","704S001","2022-03-27 08:00","2022","03","27","08:00","-0.7","","-1.6","","94","","0.0","","10","","7","","","","97.80","","","","-3","","NA"
"-68.15","49.26","BAIE-COMEAU","704S001","2022-03-27 09:00","2022","03","27","09:00","-0.4","","-1.3","","94","","0.2","","11","","6","","","","97.79","","","","-2","","NA"
"-68.15","49.26","BAIE-COMEAU","704S001","2022-03-27 10:00","2022","03","27","10:00","-0.2","","-1.1","","93","","0.0","","11","","6","","","","97.76","","","","-2","","NA"
"-68.15","49.26","BAIE-COMEAU","704S001","2022-03-27 11:00","2022","03","27","11:00","0.6","","-0.9","","90","","0.0","","12","","5","","","","97.74","","","","","","NA"
"-68.15","49.26","BAIE-COMEAU","704S001","2022-03-27 12:00","2022","03","27","12:00","1.2","","-0.5","","88","","0.0","","13","","3","","","","97.72","","","","","","NA"
"-68.15","49.26","BAIE-COMEAU","704S001","2022-03-27 13:00","2022","03","27","13:00","0.8","","-0.8","","89","","0.0","","12","","4","","","","97.71","","","","","","NA"
"-68.15","49.26","BAIE-COMEAU","704S001","2022-03-27 14:00","2022","03","27","14:00","-0.3","","-1.2","","93","","0.2","","14","","8","","","","97.73","","","","-3","","NA"
"-68.15","49.26","BAIE-COMEAU","704S001","2022-03-27 15:00","2022","03","27","15:00","-0.5","","-1.2","","95","","0.4","","13","","11","","","","97.73","","","","-4","","NA"
"-68.15","49.26","BAIE-COMEAU","704S001","2022-03-27 16:00","2022","03","27","16:00","-0.8","","-1.4","","96","","0.0","","13","","9","","","","97.73","","","","-4","","NA"
"-68.15","49.26","BAIE-COMEAU","704S001","2022-03-27 17:00","2022","03","27","17:00","-0.9","","-1.5","","96","","0.0","","14","","7","","","","97.78","","","","-3","","NA"
"-68.15","49.26","BAIE-COMEAU","704S001","2022-03-27 18:00","2022","03","27","18:00","-0.9","","-1.4","","96","","0.0","","14","","3","","","","97.83","","","","-2","","NA"
"-68.15","49.26","BAIE-COMEAU","704S001","2022-03-27 19:00","2022","03","27","19:00","-0.8","","-1.4","","96","","0.3","","26","","14","","","","97.87","","","","-5","","NA"
"-68.15","49.26","BAIE-COMEAU","704S001","2022-03-27 20:00","2022","03","27","20:00","-0.9","","-1.5","","96","","0.2","","26","","16","","","","97.92","","","","-6","","NA"
"-68.15","49.26","BAIE-COMEAU","704S001","2022-03-27 21:00","2022","03","27","21:00","-0.9","","-1.5","","96","","0.4","","25","","11","","","","97.94","","","","-5","","NA"
"-68.15","49.26","BAIE-COMEAU","704S001","2022-03-27 22:00","2022","03","27","22:00","-0.9","","-1.4","","96","","0.2","","25","","10","","","","97.93","","","","-4","","NA"
"-68.15","49.26","BAIE-COMEAU","704S001","2022-03-27 23:00","2022","03","27","23:00","-0.7","","-1.3","","96","","0.0","","25","","12","","","","97.91","","","","-5","","NA"
"-68.15","49.26","BAIE-COMEAU","704S001","2022-03-28 00:00","2022","03","28","00:00","-1.0","","-1.4","","97","","0.0","","28","","7","","","","97.89","","","","-4","","NA"
"-68.15","49.26","BAIE-COMEAU","704S001","2022-03-28 01:00","2022","03","28","01:00","-1.0","","-1.5","","96","","0.0","","30","","12","","","","97.91","","","","-5","","NA"
"-68.15","49.26","BAIE-COMEAU","704S001","2022-03-28 02:00","2022","03","28","02:00","-0.7","","-1.8","","92","","0.0","","30","","16","","","","97.93","","","","-5","","NA"
"-68.15","49.26","BAIE-COMEAU","704S001","2022-03-28 03:00","2022","03","28","03:00","-1.5","","-3.2","","89","","0.6","","30","","15","","","","97.98","","","","-6","","NA"
"-68.15","49.26","BAIE-COMEAU","704S001","2022-03-28 04:00","2022","03","28","04:00","-2.4","","-4.2","","88","","0.0","","30","","18","","","","98.04","","","","-8","","NA"
"-68.15","49.26","BAIE-COMEAU","704S001","2022-03-28 05:00","2022","03","28","05:00","-3.6","","-5.3","","88","","0.0","","29","","18","","","","98.13","","","","-9","","NA"
"-68.15","49.26","BAIE-COMEAU","704S001","2022-03-28 06:00","2022","03","28","06:00","-4.5","","-6.5","","86","","0.3","","30","","17","","","","98.19","","","","-10","","NA"
"-68.15","49.26","BAIE-COMEAU","704S001","2022-03-28 07:00","2022","03","28","07:00","-4.4","","-6.9","","83","","0.2","","30","","17","","","","98.25","","","","-10","","NA"
"-68.15","49.26","BAIE-COMEAU","704S001","2022-03-28 08:00","2022","03","28","08:00","-3.9","","-7.0","","79","","0.0","","30","","14","","","","98.30","","","","-9","","NA"
"-68.15","49.26","BAIE-COMEAU","704S001","2022-03-28 09:00","2022","03","28","09:00","-3.5","","-7.0","","76","","0.0","","28","","10","","","","98.38","","","","-7","","NA"
"-68.15","49.26","BAIE-COMEAU","704S001","2022-03-28 10:00","2022","03","28","10:00","-2.8","","-6.6","","75","","0.0","","30","","11","","","","98.39","","","","-7","","NA"
"-68.15","49.26","BAIE-COMEAU","704S001","2022-03-28 11:00","2022","03","28","11:00","-1.6","","-6.1","","71","","0.0","","29","","15","","","","98.37","","","","-6","","NA"
"-68.15","49.26","BAIE-COMEAU","704S001","2022-03-28 12:00","2022","03","28","12:00","-1.3","","-5.5","","73","","0.0","","30","","12","","","","98.36","","","","-5","","NA"
"-68.15","49.26","BAIE-COMEAU","704S001","2022-03-28 13:00","2022","03","28","13:00","-0.6","","-5.0","","72","","0.0","","28","","12","","","","98.37","","","","-5","","NA"
"-68.15","49.26","BAIE-COMEAU","704S001","2022-03-28 14:00","2022","03","28","14:00","-0.2","","-4.5","","72","","0.0","","27","","11","","","","98.38","","","","-4","","NA"
"-68.15","49.26","BAIE-COMEAU","704S001","2022-03-28 15:00","2022","03","28","15:00","-0.6","","-4.7","","73","","0.0","","30","","14","","","","98.40","","","","-5","","NA"
"-68.15","49.26","BAIE-COMEAU","704S001","2022-03-28 16:00","2022","03","28","16:00","0.0","","-4.8","","70","","0.0","","30","","15","","","","98.41","","","","-4","","NA"
"-68.15","49.26","BAIE-COMEAU","704S001","2022-03-28 17:00","2022","03","28","17:00","0.1","","-5.3","","67","","0.0","","29","","17","","","","98.47","","","","","","NA"
"-68.15","49.26","BAIE-COMEAU","704S001","2022-03-28 18:00","2022","03","28","18:00","-0.9","","-5.2","","73","","0.0","","30","","15","","","","98.53","","","","-6","","NA"
"-68.15","49.26","BAIE-COMEAU","704S001","2022-03-28 19:00","2022","03","28","19:00","-1.7","","-5.8","","74","","0.0","","30","","17","","","","98.60","","","","-7","","NA"
"-68.15","49.26","BAIE-COMEAU","704S001","2022-03-28 20:00","2022","03","28","20:00","-2.6","","-7.3","","70","","0.3","","30","","16","","","","98.67","","","","-8","","NA"
"-68.15","49.26","BAIE-COMEAU","704S001","2022-03-28 21:00","2022","03","28","21:00","-3.4","","-8.5","","68","","0.0","","31","","24","","","","98.68","","","","-10","","NA"
"-68.15","49.26","BAIE-COMEAU","704S001","2022-03-28 22:00","2022","03","28","22:00","-4.1","","-9.2","","68","","0.0","","31","","18","","","","98.71","","","","-10","","NA"
"-68.15","49.26","BAIE-COMEAU","704S001","2022-03-28 23:00","2022","03","28","23:00","-4.9","","-10.1","","67","","0.0","","32","","22","","","","98.74","","","","-12","","NA"
"-68.15","49.26","BAIE-COMEAU","704S001","2022-03-29 00:00","2022","03","29","00:00","-5.9","","-10.9","","68","","0.0","","32","","23","","","","98.78","","","","-13","","NA"
"-68.15","49.26","BAIE-COMEAU","704S001","2022-03-29 01:00","2022","03","29","01:00","-6.7","","-11.6","","68","","0.0","","32","","22","","","","98.79","","","","-14","","NA"
"-68.15","49.26","BAIE-COMEAU","704S001","2022-03-29 02:00","2022","03","29","02:00","-7.9","","-12.6","","69","","0.0","","32","","27","","","","98.78","","","","-16","","NA"
"-68.15","49.26","BAIE-COMEAU","704S001","2022-03-29 03:00","2022","03","29","03:00","-9.0","","-13.7","","69","","0.0","","32","","26","","","","98.82","","","","-18","","NA"
"-68.15","49.26","BAIE-COMEAU","704S001","2022-03-29 04:00","2022","03","29","04:00","-9.3","","-14.0","","68","","0.3","","32","","28","","","","98.85","","","","-18","","NA"
"-68.15","49.26","BAIE-COMEAU","704S001","2022-03-29 05:00","2022","03","29","05:00","-10.0","","-14.6","","69","","0.0","","32","","23","","","","98.91","","","","-18","","NA"
"-68.15","49.26","BAIE-COMEAU","704S001","2022-03-29 06:00","2022","03","29","06:00","-10.0","","-14.7","","69","","0.0","","32","","30","","","","98.94","","","","-20","","NA"
"-68.15","49.26","BAIE-COMEAU","704S001","2022-03-29 07:00","2022","03","29","07:00","-9.8","","-14.8","","67","","0.0","","33","","41","","","","98.93","","","","-21","","NA"
"-68.15","49.26","BAIE-COMEAU","704S001","2022-03-29 08:00","2022","03","29","08:00","-9.2","","-14.7","","64","","0.0","","32","","37","","","","98.93","","","","-19","","NA"
"-68.15","49.26","BAIE-COMEAU","704S001","2022-03-29 09:00","2022","03","29","09:00","-7.6","","-14.1","","60","","0.0","","32","","24","","","","99.00","","","","-16","","NA"
"-68.15","49.26","BAIE-COMEAU","704S001","2022-03-29 10:00","2022","03","29","10:00","-5.7","","-13.3","","55","","0.0","","32","","24","","","","98.99","","","","-13","","NA"
"-68.15","49.26","BAIE-COMEAU","704S001","2022-03-29 11:00","2022","03","29","11:00","-5.1","","-12.7","","55","","0.0","","33","","32","","","","98.95","","","","-13","","NA"
"-68.15","49.26","BAIE-COMEAU","704S001","2022-03-29 12:00","2022","03","29","12:00","-4.2","","-12.5","","53","","0.0","","31","","35","","","","98.89","","","","-13","","NA"
"-68.15","49.26","BAIE-COMEAU","704S001","2022-03-29 13:00","2022","03","29","13:00","-2.6","","-11.5","","50","","0.0","","32","","26","","","","98.88","","","","-9","","NA"
"-68.15","49.26","BAIE-COMEAU","704S001","2022-03-29 14:00","2022","03","29","14:00","-2.2","","-11.2","","50","","0.0","","32","","34","","","","98.86","","","","-10","","NA"
"-68.15","49.26","BAIE-COMEAU","704S001","2022-03-29 15:00","2022","03","29","15:00","-1.6","","-11.0","","49","","0.0","","32","","33","","","","98.86","","","","-9","","NA"
"-68.15","49.26","BAIE-COMEAU","704S001","2022-03-29 16:00","2022","03","29","16:00","-1.0","","-10.2","","50","","0.0","","31","","28","","","","98.87","","","","-8","","NA"
"-68.15","49.26","BAIE-COMEAU","704S001","2022-03-29 17:00","2022","03","29","17:00","-2.1","","-10.7","","52","","0.0","","31","","33","","","","98.88","","","","-10","","NA"
"-68.15","49.26","BAIE-COMEAU","704S001","2022-03-29 18:00","2022","03","29","18:00","-3.4","","-11.8","","52","","0.0","","32","","41","","","","98.87","","","","-12","","NA"
"-68.15","49.26","BAIE-COMEAU","704S001","2022-03-29 19:00","2022","03","29","19:00","-4.5","","-12.3","","54","","0.0","","32","","40","","","","98.94","","","","-13","","NA"
"-68.15","49.26","BAIE-COMEAU","704S001","2022-03-29 20:00","2022","03","29","20:00","-5.1","","-12.6","","56","","0.0","","32","","36","","","","99.01","","","","-14","","NA"
"-68.15","49.26","BAIE-COMEAU","704S001","2022-03-29 21:00","2022","03","29","21:00","-5.1","","-12.3","","57","","0.0","","32","","37","","","","99.02","","","","-14","","NA"
"-68.15","49.26","BAIE-COMEAU","704S001","2022-03-29 22:00","2022","03","29","22:00","-5.3","","-11.1","","64","","0.0","","32","","34","","","","99.05","","","","-14","","NA"
"-68.15","49.26","BAIE-COMEAU","704S001","2022-03-29 23:00","2022","03","29","23:00","-5.7","","-11.7","","63","","0.0","","32","","33","","","","99.07","","","","-14","","NA"
"-68.15","49.26","BAIE-COMEAU","704S001","2022-03-30 00:00","2022","03","30","00:00","-6.0","","-12.3","","61","","0.0","","33","","39","","","","99.08","","","","-15","","NA"
"-68.15","49.26","BAIE-COMEAU","704S001","2022-03-30 01:00","2022","03","30","01:00","-6.4","","-12.9","","60","","0.0","","33","","40","","","","99.08","","","","-16","","NA"
"-68.15","49.26","BAIE-COMEAU","704S001","2022-03-30 02:00","2022","03","30","02:00","-6.6","","-12.9","","61","","0.0","","33","","42","","","","99.18","","","","-16","","NA"
"-68.15","49.26","BAIE-COMEAU","704S001","2022-03-30 03:00","2022","03","30","03:00","-6.7","","-12.7","","62","","0.0","","33","","41","","","","99.29","","","","-16","","NA"
"-68.15","49.26","BAIE-COMEAU","704S001","2022-03-30 04:00","2022","03","30","04:00","-6.7","","-12.8","","62","","0.0","","33","","37","","","","99.38","","","","-16","","NA"
"-68.15","49.26","BAIE-COMEAU","704S001","2022-03-30 05:00","2022","03","30","05:00","-6.9","","-13.2","","61","","0.0","","33","","38","","","","99.45","","","","-16","","NA"
"-68.15","49.26","BAIE-COMEAU","704S001","2022-03-30 06:00","2022","03","30","06:00","-7.1","","-13.2","","62","","0.0","","32","","30","","","","99.55","","","","-16","","NA"
"-68.15","49.26","BAIE-COMEAU","704S001","2022-03-30 07:00","2022","03","30","07:00","-6.9","","-13.0","","62","","0.0","","32","","10","","","","99.66","","","","-12","","NA"
"-68.15","49.26","BAIE-COMEAU","704S001","2022-03-30 08:00","2022","03","30","08:00","-4.5","","-11.7","","58","","0.0","","33","","22","","","","99.63","","","","-11","","NA"
"-68.15","49.26","BAIE-COMEAU","704S001","2022-03-30 09:00","2022","03","30","09:00","-2.8","","-11.3","","52","","0.0","","31","","20","","","","99.65","","","","-9","","NA"
"-68.15","49.26","BAIE-COMEAU","704S001","2022-03-30 10:00","2022","03","30","10:00","-1.0","","-9.9","","51","","0.0","","31","","18","","","","99.63","","","","-6","","NA"
"-68.15","49.26","BAIE-COMEAU","704S001","2022-03-30 11:00","2022","03","30","11:00","1.0","","-8.8","","48","","0.0","","31","","16","","","","99.61","","","","","","NA"
"-68.15","49.26","BAIE-COMEAU","704S001","2022-03-30 12:00","2022","03","30","12:00","1.7","","-8.6","","46","","0.0","","31","","23","","","","99.59","","","","","","NA"
"-68.15","49.26","BAIE-COMEAU","704S001","2022-03-30 13:00","2022","03","30","13:00","2.5","","-8.3","","45","","0.0","","31","","21","","","","99.62","","","","","","NA"
"-68.15","49.26","BAIE-COMEAU","704S001","2022-03-30 14:00","2022","03","30","14:00","3.5","","-8.3","","41","","0.0","","32","","20","","","","99.56","","","","","","NA"
"-68.15","49.26","BAIE-COMEAU","704S001","2022-03-30 15:00","2022","03","30","15:00","4.1","","-8.1","","41","","0.0","","33","","22","","","","99.46","","","","","","NA"
"-68.15","49.26","BAIE-COMEAU","704S001","2022-03-30 16:00","2022","03","30","16:00","4.8","","-8.3","","38","","0.0","","31","","16","","","","99.45","","","","","","NA"
"-68.15","49.26","BAIE-COMEAU","704S001","2022-03-30 17:00","2022","03","30","17:00","4.4","","-8.3","","39","","0.0","","31","","18","","","","99.53","","","","","","NA"
"-68.15","49.26","BAIE-COMEAU","704S001","2022-03-30 18:00","2022","03","30","18:00","3.1","","-8.0","","44","","0.0","","30","","14","","","","99.54","","","","","","NA"
"-68.15","49.26","BAIE-COMEAU","704S001","2022-03-30 19:00","2022","03","30","19:00","2.6","","-8.4","","44","","0.0","","29","","18","","","","99.58","","","","","","NA"
"-68.15","49.26","BAIE-COMEAU","704S001","2022-03-30 20:00","2022","03","30","20:00","1.4","","-8.5","","48","","0.0","","29","","7","","","","99.67","","","","","","NA"
"-68.15","49.26","BAIE-COMEAU","704S001","2022-03-30 21:00","2022","03","30","21:00","0.0","","-8.2","","54","","0.0","","31","","11","","","","99.65","","","","-4","","NA"
"-68.15","49.26","BAIE-COMEAU","704S001","2022-03-30 22:00","2022","03","30","22:00","-1.8","","-8.1","","62","","0.0","","32","","18","","","","99.60","","","","-7","","NA"
"-68.15","49.26","BAIE-COMEAU","704S001","2022-03-30 23:00","2022","03","30","23:00","-2.5","","-8.2","","64","","0.0","","32","","15","","","","99.46","","","","-7","","NA"
"-68.15","49.26","BAIE-COMEAU","704S001","2022-03-31 00:00","2022","03","31","00:00","-2.4","","-8.3","","64","","0.0","","31","","11","","","","99.46","","","","-6","","NA"
"-68.15","49.26","BAIE-COMEAU","704S001","2022-03-31 01:00","2022","03","31","01:00","-1.8","","-8.1","","62","","0.0","","33","","14","","","","99.48","","","","-6","","NA"
"-68.15","49.26","BAIE-COMEAU","704S001","2022-03-31 02:00","2022","03","31","02:00","-1.4","","-8.2","","60","","0.0","","34","","9","","","","99.49","","","","-5","","NA"
"-68.15","49.26","BAIE-COMEAU","704S001","2022-03-31 03:00","2022","03","31","03:00","-1.4","","-8.2","","60","","0.0","","33","","10","","","","99.54","","","","-5","","NA"
"-68.15","49.26","BAIE-COMEAU","704S001","2022-03-31 04:00","2022","03","31","04:00","-1.5","","-8.0","","61","","0.0","","34","","15","","","","99.50","","","","-6","","NA"
"-68.15","49.26","BAIE-COMEAU","704S001","2022-03-31 05:00","2022","03","31","05:00","-2.4","","-7.8","","66","","0.0","","34","","9","","","","99.44","","","","-6","","NA"
"-68.15","49.26","BAIE-COMEAU","704S001","2022-03-31 06:00","2022","03","31","06:00","-1.4","","-6.3","","69","","0.0","","14","","7","","","","99.42","","","","-4","","NA"
"-68.15","49.26","BAIE-COMEAU","704S001","2022-03-31 07:00","2022","03","31","07:00","-0.7","","-6.4","","65","","0.0","","10","","4","","","","99.38","","","","-2","","NA"
"-68.15","49.26","BAIE-COMEAU","704S001","2022-03-31 08:00","2022","03","31","08:00","-0.3","","-6.1","","65","","0.0","","12","","9","","","","99.35","","","","-3","","NA"
"-68.15","49.26","BAIE-COMEAU","704S001","2022-03-31 09:00","2022","03","31","09:00","-0.4","","-6.1","","65","","0.0","","13","","10","","","","99.40","","","","-4","","NA"
"-68.15","49.26","BAIE-COMEAU","704S001","2022-03-31 10:00","2022","03","31","10:00","-0.3","","-3.4","","80","","0.0","","12","","9","","","","99.33","","","","-3","","NA"
"-68.15","49.26","BAIE-COMEAU","704S001","2022-03-31 11:00","2022","03","31","11:00","-0.4","","-2.1","","89","","0.0","","11","","11","","","","99.21","","","","-4","","NA"
"-68.15","49.26","BAIE-COMEAU","704S001","2022-03-31 12:00","2022","03","31","12:00","-0.4","","-2.5","","86","","0.0","","14","","8","","","","99.15","","","","-3","","NA"
"-68.15","49.26","BAIE-COMEAU","704S001","2022-03-31 13:00","2022","03","31","13:00","-0.2","","-3.8","","77","","0.0","","8","","4","","","","99.07","","","","-1","","NA"
"-68.15","49.26","BAIE-COMEAU","704S001","2022-03-31 14:00","2022","03","31","14:00","-0.1","","-2.7","","83","","0.0","","5","","6","","","","98.97","","","","-2","","NA"
"-68.15","49.26","BAIE-COMEAU","704S001","2022-03-31 15:00","2022","03","31","15:00","0.4","","-2.6","","80","","0.0","","10","","6","","","","98.91","","","","","","NA"
"-68.15","49.26","BAIE-COMEAU","704S001","2022-03-31 16:00","2022","03","31","16:00","0.4","","-2.5","","81","","0.4","","10","","15","","","","98.72","","","","","","NA"
"-68.15","49.26","BAIE-COMEAU","704S001","2022-03-31 17:00","2022","03","31","17:00","-1.1","","-3.2","","86","","0.0","","10","","15","","","","98.64","","","","-6","","NA"
"-68.15","49.26","BAIE-COMEAU","704S001","2022-03-31 18:00","2022","03","31","18:00","-1.3","","-2.3","","93","","0.0","","11","","14","","","","98.70","","","","-6","","NA"
"-68.15","49.26","BAIE-COMEAU","704S001","2022-03-31 19:00","2022","03","31","19:00","-0.2","","-1.3","","92","","0.0","","9","","18","","","","98.63","","","","-5","","NA"
"-68.15","49.26","BAIE-COMEAU","704S001","2022-03-31 20:00","2022","03","31","20:00","0.6","","-0.5","","92","","0.3","","9","","20","","","","98.62","","","","","","NA"
"-68.15","49.26","BAIE-COMEAU","704S001","2022-03-31 21:00","2022","03","31","21:00","1.2","","-0.1","","91","","1.7","","9","","22","","","","98.53","","","","","","NA"
"-68.15","49.26","BAIE-COMEAU","704S001","2022-03-31 22:00","2022","03","31","22:00","1.5","","-0.4","","88","","0.4","","8","","22","","","","98.45","","","","","","NA"
"-68.15","49.26","BAIE-COMEAU","704S001","2022-03-31 23:00","2022","03","31","23:00","1.7","","-0.4","","86","","0.0","","8","","21","","","","98.36","","","","","","NA"
